3.76327,0.497184,1.05886
3.76327,4.54505e-05,-2.59151e-05
3.76327,-0.0076394,-0.047016
3.76327,0.00682827,0.0913187
3.76327,5.67242e-06,2.9786e-05
3.76327,0.0209253,0.045851
3.76327,0.497184,1.05886
3.76327,4.54505e-05,-2.59151e-05
3.76327,-0.0076394,-0.047016
3.76327,0.00682827,0.0913187
3.76327,5.67242e-06,2.9786e-05
3.76327,0.0209253,0.045851
3.76327,0.497184,1.05886
3.76327,4.54505e-05,-2.59151e-05
3.76327,-0.0076394,-0.047016
3.76327,-3.17285e-05,-7.04724e-05
3.76327,24885.2,79471.7
3.76327,-0.000267359,-0.000532334
3.76327,0.00682827,0.0913187
3.76327,5.67242e-06,2.9786e-05
3.76327,0.0209253,0.045851
8.11152,0.678839,0.358777
8.11152,-2.99372e-06,-0.000136263
8.11152,-0.00290496,-0.128233
8.11152,-5.544e-07,-6.88052e-05
8.11152,3740.53,53199.9
8.11152,-5.25163e-05,0.000340696
8.11152,-0.00285555,0.0977645
8.11152,-3.09335e-05,0.000170195
8.11152,0.0200567,0.0196807
6.05818,0.671339,0.486562
6.05818,0.000128639,0.000128837
6.05818,-0.00650627,-0.170142
6.05818,1.04552e-05,5.65416e-05
6.05818,7319.44,66524.6
6.05818,-3.81095e-05,-0.000337689
6.05818,-0.00886084,0.196407
6.05818,-0.000300251,-0.000469184
6.05818,0.019723,0.0286445
3.76327,0.506197,1.12422
3.76327,1.28027e-05,-1.01837e-05
3.76327,-0.00704946,-0.0492329
3.76327,0.00486442,0.0980048
3.76327,-4.18344e-05,-8.48531e-06
3.76327,0.0220941,0.0497694
8.11152,0.68154,0.367122
8.11152,-7.93385e-06,-1.88237e-05
8.11152,-0.00245186,-0.176138
8.11152,-0.00317309,0.142621
8.11152,6.83252e-05,0.00104385
8.11152,0.0202947,0.0143426
6.05818,0.639753,0.191533
6.05818,1.50677e-05,-3.51476e-05
6.05818,-0.0185472,-0.153497
3.29942,0.543041,1.35336
3.29942,-2.9228e-05,6.00343e-06
3.29942,0.00140687,-0.034425
3.29942,-0.000214087,0.0792156
3.29942,9.24798e-05,-0.000142444
3.29942,0.0246141,0.0444241
3.76327,0.506197,1.12422
3.76327,1.28027e-05,-1.01837e-05
3.76327,-0.00704946,-0.0492329
3.76327,0.00486442,0.0980048
3.76327,-4.18344e-05,-8.48531e-06
3.76327,0.0220941,0.0497694
8.11152,0.68154,0.367122
8.11152,-7.93385e-06,-1.88237e-05
8.11152,-0.00245186,-0.176138
8.11152,-0.00317309,0.142621
8.11152,6.83252e-05,0.00104385
8.11152,0.0202947,0.0143426
3.29942,0.543041,1.35336
3.29942,-2.9228e-05,6.00343e-06
3.29942,0.00140687,-0.034425
3.29942,-0.000214087,0.0792156
3.29942,9.24798e-05,-0.000142444
3.29942,0.0246141,0.0444241
3.29942,0.543294,1.35297
3.29942,-3.31956e-05,8.45514e-05
3.29942,0.00140049,-0.0343751
3.29942,-0.000257457,0.0793426
3.29942,5.01181e-05,-0.000162671
3.29942,0.0246232,0.0443896
3.28378,0.544927,1.35597
3.28378,-2.40229e-05,1.27144e-05
3.28378,0.00161302,-0.0336767
3.29942,0.543294,1.35297
3.29942,-3.31956e-05,8.45514e-05
3.29942,0.00140049,-0.0343751
3.29942,-0.000257457,0.0793426
3.29942,5.01181e-05,-0.000162671
3.29942,0.0246232,0.0443896
3.28378,0.544927,1.35597
3.28378,-2.40229e-05,1.27144e-05
3.28378,0.00161302,-0.0336767
3.28378,-0.000307301,0.0783463
3.28378,2.76667e-05,-9.28829e-05
3.28378,0.0246346,0.043976
3.29942,0.543294,1.35297
3.29942,-3.31956e-05,8.45514e-05
3.29942,0.00140049,-0.0343751
3.29942,-0.000257457,0.0793426
3.29942,5.01181e-05,-0.000162671
3.29942,0.0246232,0.0443896
3.29942,0.543294,1.35297
3.29942,-3.31956e-05,8.45514e-05
3.29942,0.00140049,-0.0343751
3.29942,-0.000257457,0.0793426
3.29942,5.01181e-05,-0.000162671
3.29942,0.0246232,0.0443896
3.29942,0.543294,1.35297
3.29942,-3.31956e-05,8.45514e-05
3.29942,0.00140049,-0.0343751
3.29942,-0.000257457,0.0793426
3.29942,5.01181e-05,-0.000162671
3.29942,0.0246232,0.0443896
3.29942,0.543294,1.35297
3.29942,-3.31956e-05,8.45514e-05
3.29942,0.00140049,-0.0343751
3.29942,-0.000257457,0.0793426
3.29942,5.01181e-05,-0.000162671
3.29942,0.0246232,0.0443896
3.29942,0.543294,1.35297
3.29942,-3.31956e-05,8.45514e-05
3.29942,0.00140049,-0.0343751
3.29942,-0.000257457,0.0793426
3.29942,5.01181e-05,-0.000162671
3.29942,0.0246232,0.0443896
3.29942,0.543041,1.35336
3.29942,-2.9228e-05,6.00343e-06
3.29942,0.00140687,-0.034425
3.29942,-0.000214087,0.0792156
3.29942,9.24798e-05,-0.000142444
3.29942,0.0246141,0.0444241
3.29942,0.543041,1.35336
3.29942,-2.9228e-05,6.00343e-06
3.29942,0.00140687,-0.034425
3.29942,-0.000214087,0.0792156
3.29942,9.24798e-05,-0.000142444
3.29942,0.0246141,0.0444241
3.29942,0.543041,1.35336
3.29942,-3.1856e-05,2.5172e-05
3.29942,0.00140687,-0.034425
3.29942,-0.000214087,0.0792156
3.29942,0.000132679,-0.00019615
3.29942,0.0246141,0.0444241
3.29942,0.543041,1.35336
3.29942,-3.1856e-05,2.5172e-05
3.29942,0.00140687,-0.034425
3.29942,-0.000214087,0.0792156
3.29942,0.000132679,-0.00019615
3.29942,0.0246141,0.0444241
3.29942,0.543041,1.35336
3.29942,-3.1856e-05,2.5172e-05
3.29942,0.00140687,-0.034425
3.29942,-0.000214087,0.0792156
3.29942,0.000132679,-0.00019615
3.29942,0.0246141,0.0444241
3.29942,0.543041,1.35336
3.29942,-3.1856e-05,2.5172e-05
3.29942,0.00140687,-0.034425
3.29942,-0.000214087,0.0792156
3.29942,0.000132679,-0.00019615
3.29942,0.0246141,0.0444241
3.29942,0.543041,1.35336
3.29942,-3.1856e-05,2.5172e-05
3.29942,0.00140687,-0.034425
3.29942,-0.000214087,0.0792156
3.29942,0.000132679,-0.00019615
3.29942,0.0246141,0.0444241
3.29942,0.543041,1.35336
3.29942,-3.1856e-05,2.5172e-05
3.29942,0.00140687,-0.034425
3.29942,-0.000214087,0.0792156
3.29942,0.000132679,-0.00019615
3.29942,0.0246141,0.0444241
3.29942,0.543041,1.35336
3.29942,-3.1856e-05,2.5172e-05
3.29942,0.00140687,-0.034425
3.29942,-0.000214087,0.0792156
3.29942,0.000132679,-0.00019615
3.29942,0.0246141,0.0444241
3.29942,0.543041,1.35336
3.29942,-3.1856e-05,2.5172e-05
3.29942,0.00140687,-0.034425
3.29942,-0.000214087,0.0792156
3.29942,0.000132679,-0.00019615
3.29942,0.0246141,0.0444241
3.29942,0.543041,1.35336
3.29942,-3.1856e-05,2.5172e-05
3.29942,0.00140687,-0.034425
3.29942,-0.000214087,0.0792156
3.29942,0.000132679,-0.00019615
3.29942,0.0246141,0.0444241
3.29942,0.543041,1.35336
3.29942,-3.1856e-05,2.5172e-05
3.29942,0.00140687,-0.034425
3.29942,-0.000214087,0.0792156
3.29942,0.000132679,-0.00019615
3.29942,0.0246141,0.0444241
3.29942,0.543041,1.35336
3.29942,-3.1856e-05,2.5172e-05
3.29942,0.00140687,-0.034425
3.29942,-0.000214087,0.0792156
3.29942,0.000132679,-0.00019615
3.29942,0.0246141,0.0444241
3.29942,0.543041,1.35336
3.29942,-3.1856e-05,2.5172e-05
3.29942,0.00140687,-0.034425
3.29942,-0.000214087,0.0792156
3.29942,0.000132679,-0.00019615
3.29942,0.0246141,0.0444241
3.29942,0.543041,1.35336
3.29942,-3.1856e-05,2.5172e-05
3.29942,0.00140687,-0.034425
3.29942,-0.000214087,0.0792156
3.29942,0.000132679,-0.00019615
3.29942,0.0246141,0.0444241
3.29942,0.543041,1.35336
3.29942,-3.1856e-05,2.5172e-05
3.29942,0.00140687,-0.034425
3.29942,-0.000214087,0.0792156
3.29942,0.000132679,-0.00019615
3.29942,0.0246141,0.0444241
3.29942,0.543041,1.35336
3.29942,-3.1856e-05,2.5172e-05
3.29942,0.00140687,-0.034425
3.29942,-0.000214087,0.0792156
3.29942,0.000132679,-0.00019615
3.29942,0.0246141,0.0444241
3.29942,0.543041,1.35336
3.29942,-3.1856e-05,2.5172e-05
3.29942,0.00140687,-0.034425
3.29942,-0.000214087,0.0792156
3.29942,0.000132679,-0.00019615
3.29942,0.0246141,0.0444241
3.29942,0.53547,1.29287
3.29942,-1.47616e-05,4.20217e-05
3.29942,-0.00137927,-0.032535
3.29942,0.00299879,0.075712
3.29942,0.000183292,-0.000346788
3.29942,0.023481,0.0388575
3.29942,0.535709,1.29402
3.29942,1.32704e-05,7.52051e-05
3.29942,-0.000215644,-0.0297976
3.29942,0.00273197,0.0749025
3.29942,-7.71233e-05,0.00010868
3.29942,0.023472,0.03927
3.29942,0.535709,1.29402
3.29942,1.32704e-05,7.52051e-05
3.29942,-0.000215644,-0.0297976
3.29942,0.00273197,0.0749025
3.29942,-7.71233e-05,0.00010868
3.29942,0.023472,0.03927
3.29942,0.535533,1.29169
3.29942,-4.11495e-06,2.37665e-05
3.29942,-0.00147961,-0.0329578
3.29942,0.00310996,0.0759835
3.29942,0.00027676,-0.000280846
3.29942,0.0234765,0.0386449
3.29942,0.535589,1.29065
3.29942,5.82655e-07,1.60206e-05
3.29942,-0.00156813,-0.0333308
3.29942,0.00320805,0.0762231
3.29942,0.000251517,-0.00038713
3.29942,0.0234726,0.0384574
3.29942,0.535589,1.29065
3.29942,5.82655e-07,1.60206e-05
3.29942,-0.00156813,-0.0333308
3.29942,0.00320805,0.0762231
3.29942,0.000251517,-0.00038713
3.29942,0.0234726,0.0384574
3.29942,0.535589,1.29065
3.29942,5.82655e-07,1.60206e-05
3.29942,-0.00156813,-0.0333308
3.29942,0.00320805,0.0762231
3.29942,0.000251517,-0.00038713
3.29942,0.0234726,0.0384574
3.76327,0.515734,1.12899
3.76327,6.20107e-06,-4.0796e-05
3.76327,-0.0100286,-0.0664119
3.76327,0.00837965,0.120674
3.76327,0.000289844,0.00022321
3.76327,0.0218857,0.0418259
3.76327,0.515734,1.12899
3.76327,6.20107e-06,-4.0796e-05
3.76327,-0.0100286,-0.0664119
3.76327,0.00837965,0.120674
3.76327,0.000289844,0.00022321
3.76327,0.0218857,0.0418259
3.76327,0.515734,1.12899
3.76327,6.20107e-06,-4.0796e-05
3.76327,-0.0100286,-0.0664119
3.76327,0.00837965,0.120674
3.76327,0.000289844,0.00022321
3.76327,0.0218857,0.0418259
3.76327,0.515734,1.12899
3.76327,6.20107e-06,-4.0796e-05
3.76327,-0.0100286,-0.0664119
3.76327,0.00837965,0.120674
3.76327,0.000289844,0.00022321
3.76327,0.0218857,0.0418259
3.29942,0.535589,1.29065
3.29942,5.82655e-07,1.60206e-05
3.29942,-0.00156813,-0.0333308
3.29942,0.00320805,0.0762231
3.29942,0.000251517,-0.00038713
3.29942,0.0234726,0.0384574
2.26939,0.723922,1.77664
2.26939,-9.07902e-06,-1.80807e-05
2.26939,1.20923e-11,-5.23376e-12
2.26939,-1.53634e-12,-3.00201e-12
2.26939,-2.38962e-05,-3.04352e-05
2.26939,0.0408038,0.0578683
2.26939,0.723922,1.77664
2.26939,-9.07902e-06,-1.80807e-05
2.26939,1.20923e-11,-5.23376e-12
2.26939,-1.53634e-12,-3.00201e-12
2.26939,-2.38962e-05,-3.04352e-05
2.26939,0.0408038,0.0578683
3.29942,0.535589,1.29065
3.29942,5.82655e-07,1.60206e-05
3.29942,-0.00156813,-0.0333308
3.29942,0.00320805,0.0762231
3.29942,0.000251517,-0.00038713
3.29942,0.0234726,0.0384574
2.26939,0.723922,1.77664
2.26939,-9.25969e-06,-1.84405e-05
2.26939,1.20923e-11,-5.23376e-12
2.26939,-1.53634e-12,-3.00201e-12
2.26939,-2.43717e-05,-3.10409e-05
2.26939,0.0408038,0.0578683
2.26939,0.723922,1.77664
2.26939,-9.25969e-06,-1.84405e-05
2.26939,1.20923e-11,-5.23376e-12
2.26939,-1.53634e-12,-3.00201e-12
2.26939,-2.43717e-05,-3.10409e-05
2.26939,0.0408038,0.0578683
2.26939,nan,nan
2.26939,nan,nan
2.26939,nan,nan
2.26939,nan,nan
2.26939,nan,nan
2.26939,nan,nan
2.26939,nan,nan
2.26939,nan,nan
2.26939,nan,nan
2.26939,nan,nan
2.26939,nan,nan
2.26939,nan,nan
2.26939,nan,nan
2.26939,nan,nan
2.26939,nan,nan
2.26939,nan,nan
2.26939,nan,nan
2.26939,nan,nan
2.26939,nan,nan
2.26939,nan,nan
2.26939,nan,nan
2.26939,nan,nan
2.26939,nan,nan
2.26939,nan,nan
2.26939,nan,nan
2.26939,nan,nan
2.26939,nan,nan
2.26939,nan,nan
2.26939,nan,nan
2.26939,nan,nan
2.26939,nan,nan
2.26939,nan,nan
2.26939,nan,nan
2.26939,0.723922,1.77664
2.26939,-9.25969e-06,-1.84405e-05
2.26939,1.20923e-11,-5.23376e-12
2.26939,-1.53634e-12,-3.00201e-12
2.26939,-2.43717e-05,-3.10409e-05
2.26939,0.0408038,0.0578683
2.26939,-2.48924,1.46876
2.26939,2.11611e-05,-3.51487e-06
2.26939,-2.9889e-10,2.17508e-09
2.26939,-1.30384e-10,1.27918e-09
2.26939,-4.18095e-05,0.000330707
2.26939,-0.216129,0.276591
2.26939,0.723922,1.77664
2.26939,-9.25969e-06,-1.84405e-05
2.26939,1.20923e-11,-5.23376e-12
2.26939,-1.53634e-12,-3.00201e-12
2.26939,-2.43717e-05,-3.10409e-05
2.26939,0.0408038,0.0578683
3.29942,0.535589,1.29065
3.29942,5.9425e-07,1.63394e-05
3.29942,-0.00156813,-0.0333308
3.29942,0.00320805,0.0762231
3.29942,0.000256523,-0.000394834
3.29942,0.0234726,0.0384574
3.29942,0.535589,1.29065
3.29942,5.9425e-07,1.63394e-05
3.29942,-0.0448494,0.190128
3.29942,0.00320805,0.0762231
3.29942,0.000256523,-0.000394834
3.29942,0.0207,0.0403063
2.26939,0.723922,1.77664
2.26939,-9.25969e-06,-1.84405e-05
2.26939,1.20923e-11,-5.23376e-12
2.26939,-1.53634e-12,-3.00201e-12
2.26939,-2.43717e-05,-3.10409e-05
2.26939,0.0408038,0.0578683
2.26939,0.723922,1.77664
2.26939,-9.25969e-06,-1.84405e-05
2.26939,1.20923e-11,-5.23376e-12
2.26939,-1.53634e-12,-3.00201e-12
2.26939,-2.43717e-05,-3.10409e-05
2.26939,0.0408038,0.0578683
2.26939,nan,nan
2.26939,nan,nan
2.26939,nan,nan
2.26939,nan,nan
2.26939,nan,nan
2.26939,nan,nan
2.26939,-2.80881,-0.112594
2.26939,-8.52061e-06,0.000137725
2.26939,-0.000157208,3.28245e-05
2.26939,0.723922,1.77664
2.26939,-9.25969e-06,-1.84405e-05
2.26939,1.20923e-11,-5.23376e-12
2.26939,-1.53634e-12,-3.00201e-12
2.26939,-2.43717e-05,-3.10409e-05
2.26939,0.0408038,0.0578683
2.26939,0.712417,1.76614
2.26939,-1.76301e-05,-7.38334e-06
2.26939,2.09466e-11,4.66721e-11
2.26939,3.11029e-13,2.75571e-11
2.26939,5.68091e-05,-3.81266e-05
2.26939,0.0405816,0.057753
2.26939,nan,nan
2.26939,nan,nan
2.26939,nan,nan
2.26939,0.723922,1.77664
2.26939,-9.25969e-06,-1.84405e-05
2.26939,1.20923e-11,-5.23376e-12
2.26939,-1.53634e-12,-3.00201e-12
2.26939,-2.43717e-05,-3.10409e-05
2.26939,0.0408038,0.0578683
2.26939,0.723922,1.77664
2.26939,-9.25969e-06,-1.84405e-05
2.26939,1.20923e-11,-5.23376e-12
2.26939,-1.53634e-12,-3.00201e-12
2.26939,-2.43717e-05,-3.10409e-05
2.26939,0.0408038,0.0578683
