13 20
0
1.000e-001    -4.230e+000    -2.470e-002     2.250e+004     1.600e+001     2.200e+005    -1.940e+000
2.000e-001     1.280e+002    -1.630e-001     7.480e+004     7.900e+001     9.580e+005    -2.220e+001
3.000e-001     1.480e+003     4.460e-001     1.560e+005     2.010e+002     2.610e+006    -1.240e+001
4.000e-001     4.830e+003     2.310e+000     2.260e+005     4.390e+002     6.090e+006     2.200e+002
5.000e-001     7.310e+003     2.470e+000     2.600e+005     9.110e+002     1.200e+007     1.180e+003
6.000e-001     6.920e+003    -1.150e+001     2.550e+005     1.400e+003     1.650e+007     2.470e+003
7.000e-001     7.420e+003    -3.750e+001     1.800e+005     1.170e+003     1.370e+007     2.710e+003
8.000e-001     9.640e+003    -5.340e+001     8.880e+004     4.410e+002     8.410e+006     3.790e+003
9.000e-001     0.000e+000     0.000e+000     0.000e+000     0.000e+000     0.000e+000     0.000e+000
1.000e+000     0.000e+000     0.000e+000     0.000e+000     0.000e+000     0.000e+000     0.000e+000
1.100e+000     0.000e+000     0.000e+000     0.000e+000     0.000e+000     0.000e+000     0.000e+000
1.200e+000     0.000e+000     0.000e+000     0.000e+000     0.000e+000     0.000e+000     0.000e+000
1.300e+000     0.000e+000     0.000e+000     0.000e+000     0.000e+000     0.000e+000     0.000e+000
1.400e+000     0.000e+000     0.000e+000     0.000e+000     0.000e+000     0.000e+000     0.000e+000
1.500e+000     0.000e+000     0.000e+000     0.000e+000     0.000e+000     0.000e+000     0.000e+000
1.600e+000     0.000e+000     0.000e+000     0.000e+000     0.000e+000     0.000e+000     0.000e+000
1.700e+000     0.000e+000     0.000e+000     0.000e+000     0.000e+000     0.000e+000     0.000e+000
1.800e+000     0.000e+000     0.000e+000     0.000e+000     0.000e+000     0.000e+000     0.000e+000
1.900e+000     0.000e+000     0.000e+000     0.000e+000     0.000e+000     0.000e+000     0.000e+000
2.000e+000     0.000e+000     0.000e+000     0.000e+000     0.000e+000     0.000e+000     0.000e+000
15
1.000e-001     9.550e+000     4.930e+001     2.300e+004     1.240e+002     2.270e+005    -4.370e+003
2.000e-001     1.290e+002     2.710e+002     7.440e+004    -1.500e+003     9.760e+005    -8.570e+004
3.000e-001     1.430e+003     8.760e+002     1.530e+005    -1.040e+004     2.630e+006    -4.840e+005
4.000e-001     4.770e+003     1.570e+003     2.220e+005    -2.070e+004     6.080e+006    -1.540e+006
5.000e-001     7.520e+003     1.040e+003     2.580e+005     4.520e+003     1.190e+007    -3.070e+006
6.000e-001     7.330e+003    -7.240e+002     2.490e+005     1.220e+004     1.650e+007    -3.560e+006
7.000e-001     7.530e+003    -9.100e+002     1.730e+005    -6.000e+004     1.420e+007    -2.440e+006
8.000e-001     9.370e+003     1.980e+002     7.440e+004    -1.550e+004     8.570e+006    -1.190e+006
9.000e-001     1.200e+004    -2.480e+003     1.010e+005     3.940e+004     9.540e+006    -1.370e+006
1.000e+000     0.000e+000     0.000e+000     0.000e+000     0.000e+000     0.000e+000     0.000e+000
1.100e+000     0.000e+000     0.000e+000     0.000e+000     0.000e+000     0.000e+000     0.000e+000
1.200e+000     0.000e+000     0.000e+000     0.000e+000     0.000e+000     0.000e+000     0.000e+000
1.300e+000     0.000e+000     0.000e+000     0.000e+000     0.000e+000     0.000e+000     0.000e+000
1.400e+000     0.000e+000     0.000e+000     0.000e+000     0.000e+000     0.000e+000     0.000e+000
1.500e+000     0.000e+000     0.000e+000     0.000e+000     0.000e+000     0.000e+000     0.000e+000
1.600e+000     0.000e+000     0.000e+000     0.000e+000     0.000e+000     0.000e+000     0.000e+000
1.700e+000     0.000e+000     0.000e+000     0.000e+000     0.000e+000     0.000e+000     0.000e+000
1.800e+000     0.000e+000     0.000e+000     0.000e+000     0.000e+000     0.000e+000     0.000e+000
1.900e+000     0.000e+000     0.000e+000     0.000e+000     0.000e+000     0.000e+000     0.000e+000
2.000e+000     0.000e+000     0.000e+000     0.000e+000     0.000e+000     0.000e+000     0.000e+000
30
1.000e-001     4.650e+001     9.550e+001     2.420e+004     3.130e+002     2.440e+005    -3.680e+003
2.000e-001     1.290e+002     5.110e+002     7.370e+004    -2.610e+003     1.030e+006    -1.260e+005
3.000e-001     1.250e+003     1.650e+003     1.470e+005    -2.130e+004     2.700e+006    -7.890e+005
4.000e-001     4.440e+003     3.080e+003     2.220e+005    -5.420e+004     6.410e+006    -2.900e+006
5.000e-001     7.790e+003     1.400e+003     4.030e+005     4.190e+004     1.620e+007    -7.710e+006
6.000e-001     8.970e+003    -3.030e+003     5.480e+005     3.540e+005     2.470e+007    -9.870e+006
7.000e-001     8.420e+003    -4.390e+003     2.120e+005     6.100e+004     1.640e+007    -5.750e+006
8.000e-001     9.110e+003    -2.190e+003     4.370e+004    -1.240e+005     9.510e+006    -2.800e+006
9.000e-001     1.080e+004    -3.020e+003     2.940e+004     5.890e+004     7.800e+006    -2.250e+006
1.000e+000     1.380e+004    -4.160e+003     1.090e+005     6.750e+004     1.050e+007    -2.230e+006
1.100e+000     0.000e+000     0.000e+000     0.000e+000     0.000e+000     0.000e+000     0.000e+000
1.200e+000     0.000e+000     0.000e+000     0.000e+000     0.000e+000     0.000e+000     0.000e+000
1.300e+000     0.000e+000     0.000e+000     0.000e+000     0.000e+000     0.000e+000     0.000e+000
1.400e+000     0.000e+000     0.000e+000     0.000e+000     0.000e+000     0.000e+000     0.000e+000
1.500e+000     0.000e+000     0.000e+000     0.000e+000     0.000e+000     0.000e+000     0.000e+000
1.600e+000     0.000e+000     0.000e+000     0.000e+000     0.000e+000     0.000e+000     0.000e+000
1.700e+000     0.000e+000     0.000e+000     0.000e+000     0.000e+000     0.000e+000     0.000e+000
1.800e+000     0.000e+000     0.000e+000     0.000e+000     0.000e+000     0.000e+000     0.000e+000
1.900e+000     0.000e+000     0.000e+000     0.000e+000     0.000e+000     0.000e+000     0.000e+000
2.000e+000     0.000e+000     0.000e+000     0.000e+000     0.000e+000     0.000e+000     0.000e+000
45
1.000e-001     9.490e+001     1.350e+002     2.600e+004     6.130e+002     2.680e+005     4.580e+003
2.000e-001     1.240e+002     6.950e+002     7.390e+004    -3.010e+003     1.090e+006    -1.010e+005
3.000e-001     9.230e+002     2.240e+003     1.450e+005    -3.320e+004     2.880e+006    -8.680e+005
4.000e-001     2.980e+003     3.250e+003     4.410e+005    -1.680e+005     1.400e+007    -6.180e+006
5.000e-001     1.100e+004     1.400e+004     8.810e+005    -1.040e+005     2.370e+007     4.850e+006
6.000e-001     1.090e+004     8.770e+003     4.390e+005    -3.580e+005     1.820e+007    -5.360e+005
7.000e-001     8.310e+003    -2.020e+003     2.410e+005    -5.720e+005     1.670e+007    -3.800e+006
8.000e-001     8.200e+003    -9.280e+003     1.700e+004    -4.250e+005     1.040e+007    -4.940e+006
9.000e-001     1.290e+004    -4.990e+003     5.130e+005     4.380e+005     2.070e+007    -9.810e+005
1.000e+000     1.240e+004    -7.860e+003     7.850e+005     2.080e+005     3.040e+007    -5.610e+006
1.100e+000     1.560e+004    -8.700e+003     1.620e+005     1.610e+005     1.230e+007    -2.820e+006
1.200e+000     1.550e+004    -5.910e+003     1.080e+005     4.650e+004     9.040e+006    -1.490e+006
1.300e+000     0.000e+000     0.000e+000     0.000e+000     0.000e+000     0.000e+000     0.000e+000
1.400e+000     0.000e+000     0.000e+000     0.000e+000     0.000e+000     0.000e+000     0.000e+000
1.500e+000     0.000e+000     0.000e+000     0.000e+000     0.000e+000     0.000e+000     0.000e+000
1.600e+000     0.000e+000     0.000e+000     0.000e+000     0.000e+000     0.000e+000     0.000e+000
1.700e+000     0.000e+000     0.000e+000     0.000e+000     0.000e+000     0.000e+000     0.000e+000
1.800e+000     0.000e+000     0.000e+000     0.000e+000     0.000e+000     0.000e+000     0.000e+000
1.900e+000     0.000e+000     0.000e+000     0.000e+000     0.000e+000     0.000e+000     0.000e+000
2.000e+000     0.000e+000     0.000e+000     0.000e+000     0.000e+000     0.000e+000     0.000e+000
60
1.000e-001     1.400e+002     1.640e+002     2.770e+004     9.970e+002     2.920e+005     1.930e+004
2.000e-001     1.110e+002     8.070e+002     7.590e+004    -2.750e+003     1.170e+006    -2.310e+004
3.000e-001     4.270e+002     2.470e+003     1.550e+005    -4.780e+004     3.300e+006    -8.930e+005
4.000e-001     4.960e+003     1.080e+004     6.310e+005     9.810e+004     1.280e+007     5.420e+006
5.000e-001     7.650e+003     1.650e+004     3.380e+005    -9.320e+004     8.380e+006     1.170e+006
6.000e-001     1.140e+004     2.000e+004     3.020e+005    -1.660e+005     1.080e+007    -4.810e+005
7.000e-001     1.250e+004     1.410e+004     2.110e+005    -2.000e+005     1.190e+007    -2.100e+006
8.000e-001     1.090e+004     3.990e+003     7.450e+004    -3.110e+005     9.780e+006    -3.310e+006
9.000e-001     1.020e+004    -3.870e+002    -4.630e+004    -4.920e+005     6.010e+006    -3.660e+006
1.000e+000     1.250e+004    -3.200e+002    -6.060e+004    -4.110e+005     5.260e+006    -3.250e+006
1.100e+000     1.530e+004    -2.480e+003     3.590e+004    -5.170e+004     7.500e+006    -2.700e+006
1.200e+000     1.740e+004    -8.290e+003     9.860e+004     5.310e+004     7.160e+006    -2.380e+006
1.300e+000     1.880e+004    -1.390e+004     5.240e+004     3.830e+004     4.790e+006    -2.070e+006
1.400e+000     1.870e+004    -1.100e+004     4.740e+004     1.120e+005     5.190e+006    -1.510e+006
1.500e+000     1.920e+004    -9.910e+003     1.460e+005    -4.110e+004     7.650e+006    -1.450e+006
1.600e+000     1.930e+004    -6.370e+003     1.540e+006    -4.560e+004     5.200e+007     2.560e+005
1.700e+000     1.970e+004    -7.720e+003     9.880e+004     6.420e+004     6.490e+006    -8.250e+005
1.800e+000     2.080e+004    -8.210e+003     1.130e+005     3.350e+004     7.300e+006    -6.710e+005
1.900e+000     0.000e+000     0.000e+000     0.000e+000     0.000e+000     0.000e+000     0.000e+000
2.000e+000     0.000e+000     0.000e+000     0.000e+000     0.000e+000     0.000e+000     0.000e+000
75
1.000e-001     1.690e+002     1.810e+002     2.910e+004     1.370e+003     3.110e+005     3.660e+004
2.000e-001     9.610e+001     8.360e+002     7.950e+004    -2.050e+003     1.240e+006     7.130e+004
3.000e-001    -1.650e+002     1.980e+003     1.970e+005    -7.440e+004     4.750e+006    -1.570e+006
4.000e-001     1.120e+003     8.510e+003     2.990e+005    -3.140e+004     5.230e+006     2.740e+006
5.000e-001     1.760e+003     1.820e+004     3.410e+005    -1.590e+005     7.160e+006     2.390e+006
6.000e-001     4.170e+003     3.210e+004     3.640e+005    -2.600e+005     9.560e+006     2.510e+006
7.000e-001     1.050e+004     4.780e+004     3.640e+005    -2.770e+005     1.270e+007     2.570e+006
8.000e-001     1.950e+004     6.700e+004     3.480e+005    -2.520e+005     1.620e+007     2.080e+006
9.000e-001     2.980e+004     9.870e+004     3.120e+005    -3.600e+005     1.910e+007     5.150e+005
1.000e+000     4.230e+004     1.470e+005     2.570e+005    -7.200e+005     1.890e+007    -2.030e+006
1.100e+000     5.230e+004     1.840e+005     2.040e+005    -1.060e+006     1.330e+007    -3.910e+006
1.200e+000     5.660e+004     1.810e+005     2.050e+005    -1.150e+006     7.840e+006    -3.570e+006
1.300e+000     5.440e+004     1.610e+005     2.620e+005    -1.500e+006     1.120e+007    -2.730e+006
1.400e+000     3.530e+004     1.500e+005     2.450e+005    -2.320e+006     1.690e+007    -3.290e+006
1.500e+000     1.050e+004     1.320e+005     1.380e+005    -2.790e+006     1.710e+007    -4.320e+006
1.600e+000     1.270e+004     1.110e+005     1.030e+005    -2.550e+006     1.770e+007    -5.260e+006
1.700e+000     3.610e+004     1.060e+005     1.560e+005    -2.070e+006     2.100e+007    -6.240e+006
1.800e+000     4.160e+004     1.040e+005     1.520e+005    -1.690e+006     2.050e+007    -6.520e+006
1.900e+000     2.890e+004     7.540e+004     9.750e+004    -1.290e+006     1.590e+007    -5.800e+006
2.000e+000     3.080e+004     3.480e+004     1.260e+005    -9.080e+005     1.450e+007    -5.090e+006
90
1.000e-001     1.760e+002     1.830e+002     2.960e+004     1.670e+003     3.180e+005     5.160e+004
2.000e-001     9.440e+001     7.800e+002     8.360e+004    -1.180e+003     1.280e+006     1.440e+005
3.000e-001     1.100e+004    -1.150e+004     1.740e+007    -9.060e+005     4.890e+008    -4.290e+007
4.000e-001    -8.160e+002     4.520e+003     3.000e+005    -5.250e+004     5.560e+006     2.760e+006
5.000e-001    -3.690e+003     8.620e+003     3.890e+005    -1.590e+005     8.630e+006     3.340e+006
6.000e-001    -5.470e+003     1.470e+004     4.850e+005    -2.400e+005     1.300e+007     4.140e+006
7.000e-001    -5.150e+003     3.630e+004     6.030e+005    -3.810e+005     2.060e+007     4.580e+006
8.000e-001    -6.460e+003     1.490e+005     7.330e+005    -1.140e+006     3.420e+007     2.100e+006
9.000e-001     1.970e+003     5.070e+005     6.790e+005    -3.500e+006     4.110e+007    -5.390e+006
1.000e+000    -4.580e+003     7.380e+005     3.540e+005    -4.760e+006     2.390e+007    -6.150e+006
1.100e+000    -1.130e+004     7.540e+005     2.480e+005    -4.420e+006     1.390e+007    -3.870e+006
1.200e+000    -1.390e+004     7.580e+005     2.260e+005    -4.040e+006     1.000e+007    -1.710e+006
1.300e+000    -1.510e+004     7.770e+005     2.440e+005    -3.750e+006     8.340e+006     7.840e+004
1.400e+000    -1.580e+004     7.900e+005     2.550e+005    -3.590e+006     7.560e+006     1.330e+006
1.500e+000    -1.430e+004     7.970e+005     2.380e+005    -3.420e+006     6.870e+006     2.210e+006
1.600e+000    -1.490e+004     8.270e+005     2.700e+005    -2.920e+006     7.300e+006     2.760e+006
1.700e+000    -1.350e+004     8.240e+005     2.860e+005    -3.140e+006     7.410e+006     3.010e+006
1.800e+000    -1.220e+004     8.250e+005     2.890e+005    -3.060e+006     7.610e+006     3.110e+006
1.900e+000    -8.850e+003     8.180e+005     9.400e+004    -2.950e+006     3.030e+006     8.400e+005
2.000e+000    -1.100e+004     8.210e+005     3.010e+005    -2.840e+006     8.170e+006     2.660e+006
105
1.000e-001     1.600e+002     1.720e+002     2.910e+004     1.790e+003     3.120e+005     6.010e+004
2.000e-001     1.280e+002     6.530e+002     8.660e+004    -3.880e+002     1.300e+006     1.710e+005
3.000e-001     4.820e+002     1.320e+003     2.470e+005     3.590e+004     4.270e+006     3.600e+006
4.000e-001     4.960e+002    -2.270e+003     3.210e+005    -2.700e+004     6.790e+006     2.490e+006
5.000e-001     2.630e+003    -1.350e+004     4.760e+005    -1.810e+004     1.130e+007     2.620e+006
6.000e-001     1.070e+004    -3.250e+004     7.610e+005     4.950e+004     1.740e+007     2.300e+006
7.000e-001     9.060e+003     1.480e+005     1.430e+006    -9.840e+005     3.650e+007     1.470e+006
8.000e-001    -6.190e+004     9.250e+005     9.880e+005    -4.510e+006     3.610e+007    -5.170e+006
9.000e-001    -6.210e+004     8.560e+005     3.800e+005    -3.860e+006     1.090e+007    -4.790e+006
1.000e+000    -5.110e+004     7.950e+005     2.580e+005    -3.300e+006     3.010e+006    -4.220e+004
1.100e+000    -4.840e+004     8.320e+005     2.440e+005    -3.190e+006     1.960e+006     3.670e+006
1.200e+000    -4.450e+004     9.200e+005     2.430e+005    -3.220e+006     3.130e+006     5.730e+006
1.300e+000    -3.740e+004     9.540e+005     2.660e+005    -3.230e+006     5.330e+006     5.520e+006
1.400e+000    -3.170e+004     9.530e+005     2.880e+005    -3.230e+006     7.070e+006     5.140e+006
1.500e+000    -3.020e+004     1.000e+006     2.850e+005    -2.920e+006     7.480e+006     4.820e+006
1.600e+000    -2.470e+004     1.010e+006     2.510e+005    -2.770e+006     7.190e+006     4.570e+006
1.700e+000    -9.150e+004     1.100e+006    -3.330e+005    -3.560e+006    -1.560e+007     3.940e+005
1.800e+000    -3.910e+004     1.030e+006     2.970e+005    -2.720e+006     7.450e+006     4.760e+006
1.900e+000    -3.940e+004     1.070e+006     2.900e+005    -2.640e+006     6.680e+006     5.040e+006
2.000e+000    -4.470e+004     1.070e+006     2.860e+005    -2.580e+006     6.750e+006     4.620e+006
120
1.000e-001     1.260e+002     1.490e+002     2.770e+004     1.730e+003     2.960e+005     6.040e+004
2.000e-001     2.110e+002     4.820e+002     8.750e+004     1.550e+002     1.300e+006     1.520e+005
3.000e-001     1.500e+003    -5.280e+002     2.080e+005     1.810e+004     3.860e+006     2.150e+006
4.000e-001     6.010e+003    -8.990e+003     3.470e+005     1.710e+004     8.170e+006     1.780e+006
5.000e-001     1.650e+004    -3.010e+004     6.210e+005     6.960e+004     1.170e+007     1.350e+006
6.000e-001    -1.020e+004     2.910e+004     1.350e+006    -4.780e+005     1.560e+007     2.920e+006
7.000e-001    -2.020e+005     8.000e+005     1.220e+006    -2.580e+006     2.840e+007     2.440e+006
8.000e-001    -1.380e+005     7.410e+005     1.530e+005    -2.450e+006     4.950e+005     2.910e+006
9.000e-001    -7.810e+004     7.430e+005     9.420e+004    -2.660e+006     9.790e+003     7.640e+006
1.000e+000    -5.710e+004     8.520e+005     1.610e+005    -3.040e+006     4.590e+006     7.640e+006
1.100e+000    -4.860e+004     9.050e+005     1.940e+005    -2.970e+006     6.850e+006     5.720e+006
1.200e+000    -5.640e+004     9.310e+005     2.010e+005    -2.700e+006     5.850e+006     6.830e+006
1.300e+000    -6.080e+004     9.400e+005     1.890e+005    -2.530e+006     4.250e+006     7.540e+006
1.400e+000    -5.910e+004     9.710e+005     2.210e+005    -2.580e+006     5.680e+006     6.830e+006
1.500e+000    -6.550e+004     1.020e+006     2.090e+005    -2.560e+006     5.730e+006     6.450e+006
1.600e+000    -8.230e+004     9.980e+005     1.870e+005    -2.320e+006     3.570e+006     6.860e+006
1.700e+000    -8.030e+004     9.770e+005     7.590e+004    -2.130e+006    -2.520e+006     7.120e+006
1.800e+000    -8.570e+004     1.000e+006     2.130e+005    -2.390e+006     4.110e+006     4.770e+006
1.900e+000    -8.580e+004     9.950e+005     2.300e+005    -2.330e+006     3.750e+006     6.240e+006
2.000e+000    -1.040e+005     9.390e+005     1.120e+005    -2.150e+006    -3.430e+006     3.730e+006
135
1.000e-001     8.480e+001     1.180e+002     2.560e+004     1.470e+003     2.720e+005     5.270e+004
2.000e-001     3.370e+002     3.080e+002     8.610e+004     3.810e+002     1.290e+006     1.060e+005
3.000e-001     3.270e+003    -1.650e+003     2.000e+005     1.700e+004     4.160e+006     1.430e+006
4.000e-001     1.320e+004    -1.200e+004     3.790e+005     4.150e+004     9.030e+006     1.050e+006
5.000e-001     8.910e+003    -2.250e+004     8.080e+005    -4.870e+004     8.060e+006     1.140e+006
6.000e-001    -1.920e+005     2.970e+005     1.950e+006    -1.120e+006     1.630e+007     8.010e+006
7.000e-001    -2.140e+005     5.910e+005     1.580e+005    -1.430e+006     1.830e+005     4.470e+006
8.000e-001    -1.030e+005     6.150e+005    -2.580e+003    -2.180e+006    -2.300e+005     7.520e+006
9.000e-001    -6.570e+004     6.830e+005     9.930e+004    -2.530e+006     5.440e+006     5.850e+006
1.000e+000    -6.890e+004     7.240e+005     1.100e+005    -2.330e+006     4.710e+006     6.260e+006
1.100e+000    -7.000e+004     7.400e+005     1.210e+005    -2.080e+006     4.020e+006     7.940e+006
1.200e+000    -7.770e+004     7.750e+005    -1.440e+004    -2.010e+006    -1.510e+006     4.840e+006
1.300e+000    -6.840e+004     7.370e+005     1.650e+005    -1.880e+006     4.110e+006     7.780e+006
1.400e+000    -7.770e+004     7.780e+005     1.830e+005    -1.870e+006     4.160e+006     7.210e+006
1.500e+000    -1.320e+005     8.450e+005    -6.610e+003    -1.770e+006    -5.810e+006     5.710e+006
1.600e+000    -1.030e+005     8.530e+005     1.020e+005    -1.890e+006    -1.810e+006     8.160e+006
1.700e+000    -1.130e+005     8.300e+005     8.340e+004    -1.700e+006    -1.870e+006     5.600e+006
1.800e+000    -1.150e+005     7.750e+005     1.250e+005    -1.760e+006    -1.030e+006     4.640e+006
1.900e+000    -1.220e+005     7.990e+005     1.390e+005    -1.710e+006    -1.210e+006     5.620e+006
2.000e+000    -1.740e+005     7.630e+005     2.210e+004    -1.770e+006    -7.880e+006     4.110e+006
150
1.000e-001     4.620e+001     8.140e+001     2.350e+004     1.070e+003     2.480e+005     3.860e+004
2.000e-001     4.750e+002     1.640e+002     8.340e+004     3.520e+002     1.270e+006     5.730e+004
3.000e-001     5.150e+003    -1.850e+003     1.950e+005     1.500e+004     4.470e+006     8.710e+005
4.000e-001     1.800e+004    -1.030e+004     4.160e+005     3.470e+004     9.150e+006     5.690e+005
5.000e-001    -2.910e+004    -6.490e+002     1.010e+006    -1.960e+005     2.290e+006     1.560e+006
6.000e-001    -3.390e+005     3.600e+005     1.420e+006    -5.320e+005     1.500e+007     6.350e+006
7.000e-001    -1.500e+005     3.940e+005    -6.040e+004    -1.230e+006    -3.330e+006     5.270e+006
8.000e-001    -7.670e+004     4.390e+005     3.880e+004    -1.730e+006     4.100e+006     4.680e+006
9.000e-001    -7.770e+004     4.850e+005     5.230e+004    -1.680e+006     3.890e+006     4.700e+006
1.000e+000    -7.430e+004     5.100e+005     6.480e+004    -1.500e+006     3.080e+006     6.220e+006
1.100e+000    -7.020e+004     5.040e+005     8.970e+004    -1.310e+006     3.300e+006     6.650e+006
1.200e+000    -7.680e+004     5.560e+005     1.160e+005    -1.360e+006     3.230e+006     5.910e+006
1.300e+000    -8.070e+004     5.560e+005     9.130e+004    -1.340e+006     2.260e+006     5.790e+006
1.400e+000    -9.480e+004     5.610e+005     9.180e+004    -1.380e+006     8.370e+005     4.430e+006
1.500e+000    -8.970e+004     5.630e+005     1.270e+005    -1.160e+006     1.340e+006     6.320e+006
1.600e+000    -9.050e+004     5.690e+005     1.250e+005    -1.240e+006     1.790e+005     5.710e+006
1.700e+000    -1.430e+005     5.580e+005     1.190e+004    -1.090e+006    -7.430e+006     4.080e+006
1.800e+000    -1.420e+005     5.340e+005     3.010e+004    -1.090e+006    -6.430e+006     3.200e+006
1.900e+000    -1.740e+005     5.310e+005     2.290e+004    -1.270e+006    -8.600e+006     3.600e+006
2.000e+000    -1.880e+005     5.260e+005     1.890e+004    -1.310e+006    -1.080e+007     3.480e+006
165
1.000e-001     1.910e+001     4.160e+001     2.200e+004     5.680e+002     2.310e+005     2.030e+004
2.000e-001     5.820e+002     6.640e+001     8.080e+004     2.200e+002     1.250e+006     2.180e+004
3.000e-001     6.540e+003    -1.190e+003     1.920e+005     8.930e+003     4.680e+006     4.090e+005
4.000e-001     1.930e+004    -5.580e+003     4.460e+005     1.610e+004     8.890e+006     2.700e+005
5.000e-001    -7.310e+004     9.610e+003     1.180e+006    -1.710e+005    -2.260e+006     1.290e+006
6.000e-001    -3.400e+005     1.950e+005     7.860e+005    -1.880e+005     7.390e+006     3.010e+006
7.000e-001    -1.190e+005     2.060e+005    -6.280e+004    -7.470e+005    -1.240e+006     2.890e+006
8.000e-001    -8.380e+004     2.300e+005     4.230e+004    -9.010e+005     4.240e+006     2.240e+006
9.000e-001    -8.210e+004     2.470e+005     2.760e+004    -7.940e+005     2.230e+006     2.880e+006
1.000e+000    -7.760e+004     2.450e+005     4.490e+004    -7.510e+005     2.790e+006     3.430e+006
1.100e+000    -7.550e+004     2.650e+005     7.290e+004    -7.060e+005     2.930e+006     3.310e+006
1.200e+000    -7.890e+004     2.780e+005     9.640e+004    -6.770e+005     2.450e+006     3.330e+006
1.300e+000    -8.010e+004     2.760e+005     1.060e+005    -6.340e+005     1.870e+006     3.090e+006
1.400e+000    -7.730e+004     2.760e+005     1.220e+005    -6.430e+005     2.410e+006     3.110e+006
1.500e+000    -8.890e+004     2.720e+005     1.060e+005    -6.380e+005     5.070e+005     2.240e+006
1.600e+000    -1.010e+005     2.850e+005     7.470e+004    -6.060e+005    -2.770e+006     2.800e+006
1.700e+000    -1.170e+005     2.740e+005     5.810e+004    -6.250e+005    -3.860e+006     1.590e+006
1.800e+000    -1.590e+005     2.690e+005    -1.530e+004    -6.060e+005    -9.510e+006     1.620e+006
1.900e+000    -1.880e+005     2.480e+005    -2.310e+004    -5.600e+005    -1.240e+007     2.380e+006
2.000e+000    -3.480e+005     2.100e+005    -3.130e+005    -5.350e+005    -3.230e+007     1.960e+006
180
1.000e-001     9.290e+000     3.500e-002     2.140e+004     1.760e+001     2.240e+005     5.770e+000
2.000e-001     6.230e+002    -1.020e-002     7.980e+004     8.040e+001     1.250e+006     3.780e+001
3.000e-001     7.050e+003    -1.160e+000     1.900e+005     1.470e+002     4.760e+006     2.910e+001
4.000e-001     1.910e+004     1.170e+001     4.570e+005     6.050e+002     8.720e+006     1.250e+003
5.000e-001    -9.210e+004     2.070e+002     1.250e+006     4.910e+003    -3.840e+006     1.410e+004
6.000e-001    -3.270e+005     2.600e+002     5.970e+005     4.890e+003     4.530e+006     1.510e+004
7.000e-001    -1.110e+005     8.480e+000    -5.400e+004     1.600e+003    -3.420e+005    -1.420e+002
8.000e-001    -8.040e+004     5.120e+002     2.200e+004    -1.240e+002     3.830e+006    -5.590e+003
9.000e-001    -8.340e+004     3.890e+002     1.990e+004     1.080e+003     2.040e+006    -4.650e+003
1.000e+000    -7.330e+004     2.880e+002     1.490e+004     2.630e+003     1.440e+006    -3.160e+004
1.100e+000    -7.650e+004     4.810e+002     7.490e+004     1.170e+003     2.180e+006    -2.250e+004
1.200e+000    -1.930e+005     1.080e+005    -6.000e+005    -3.180e+005    -2.890e+007    -4.670e+006
1.300e+000    -7.860e+004     1.040e+003     9.860e+004    -2.480e+002     1.990e+006    -3.460e+004
1.400e+000    -8.520e+004     1.410e+003     1.040e+005    -3.290e+003     1.070e+006    -8.450e+004
1.500e+000    -8.720e+004     2.050e+003     8.520e+004    -6.180e+003    -4.180e+005    -1.530e+005
1.600e+000    -1.180e+005     1.430e+003     2.320e+004    -5.020e+003    -5.380e+006    -9.000e+005
1.700e+000    -1.450e+005    -5.710e+003    -4.460e+004     3.130e+003    -9.510e+006    -3.520e+005
1.800e+000    -1.590e+005    -3.590e+003     1.170e+004     2.990e+004    -8.640e+006     1.390e+005
1.900e+000    -1.870e+005    -4.000e+003    -3.020e+004     2.940e+004    -1.310e+007     9.940e+004
2.000e+000    -2.270e+005     2.950e+003    -2.100e+005     8.630e+004    -2.660e+007    -4.110e+005
