13 20
0
1.000e-001     3.620e-002     2.020e-002     1.860e+004     4.190e-002     8.270e+004    -9.970e-001
2.000e-001     3.480e-001     5.100e-002     5.990e+004     1.350e+000     2.740e+005     1.780e+000
3.000e-001     5.140e+000     9.070e-001     1.260e+005    -1.460e+001     7.930e+005     8.890e+000
4.000e-001     4.230e+001     6.170e+000     2.150e+005     2.790e+002     2.940e+006     4.700e+002
5.000e-001     1.660e+003     2.360e+001     3.470e+005     1.010e+003     9.750e+006     1.550e+003
6.000e-001     1.860e+004     4.120e+001     4.630e+005     1.790e+003     2.200e+007     2.000e+003
7.000e-001     3.250e+004     2.810e+001     3.080e+005     1.340e+003     2.280e+007     1.570e+002
8.000e-001     3.910e+004     1.700e+001     1.860e+005     5.710e+002     2.000e+007    -5.500e+002
9.000e-001     5.250e+004     3.570e+001     2.530e+005     6.800e+002     2.310e+007    -1.300e+003
1.000e+000     2.710e+004     3.500e+001     1.400e+005     5.200e+002     1.310e+007    -2.110e+003
1.100e+000     2.210e+004     3.870e+001     1.020e+005     3.260e+002     1.010e+007    -2.300e+003
1.200e+000     1.850e+004     4.070e+001     8.800e+004     2.430e+002     8.280e+006    -2.660e+003
1.300e+000     1.660e+004     4.840e+001     7.980e+004     9.120e+001     7.240e+006    -2.850e+003
1.400e+000     1.560e+004     5.590e+001     7.480e+004     9.540e+001     6.610e+006    -3.730e+003
1.500e+000     1.530e+004     3.270e+001     6.730e+004     1.920e+002     6.090e+006    -4.700e+003
1.600e+000     1.410e+004     1.450e+002     6.690e+004    -7.370e+002     5.670e+006    -9.810e+003
1.700e+000     1.350e+004     9.880e+001     6.360e+004    -3.360e+002     5.300e+006    -6.520e+003
1.800e+000     1.300e+004     7.600e+001     6.030e+004     5.150e+001     4.980e+006    -5.750e+003
1.900e+000     1.430e+004     1.520e+003     4.260e+004    -7.540e+003     4.340e+006    -1.010e+005
2.000e+000     1.240e+004     8.270e+001     5.530e+004     4.540e+000     4.490e+006    -5.270e+003
15
1.000e-001     2.370e-002     1.380e-001     1.860e+004     2.040e+000     8.270e+004     1.190e+002
2.000e-001     3.280e-001     8.560e-001     6.000e+004     1.760e+002     2.750e+005     2.800e+003
3.000e-001     1.210e+003    -1.900e+002     1.250e+006     1.150e+005     3.110e+007    -2.380e+005
4.000e-001     3.780e+001     8.270e+001     2.170e+005    -8.830e+003     2.790e+006    -5.490e+004
5.000e-001     1.530e+003     5.300e+002     3.440e+005    -1.390e+004     9.120e+006    -6.210e+005
6.000e-001     1.820e+004     5.450e+003     4.650e+005    -6.610e+004     2.150e+007    -1.860e+006
7.000e-001     3.560e+004     2.520e+004     3.320e+005    -3.560e+005     2.470e+007    -2.210e+006
8.000e-001     3.810e+004     5.090e+004     1.660e+005    -6.870e+005     2.050e+007    -1.060e+006
9.000e-001     5.630e+004     4.630e+004     2.440e+005    -6.490e+005     2.470e+007    -1.840e+006
1.000e+000     3.160e+004     3.990e+004     1.310e+005    -8.350e+005     1.430e+007    -1.770e+006
1.100e+000     2.550e+004     4.640e+004     9.330e+004    -9.790e+005     1.060e+007    -1.850e+006
1.200e+000     2.150e+004     4.560e+004     7.970e+004    -1.050e+006     8.380e+006    -1.630e+006
1.300e+000     2.050e+004     4.760e+004     7.670e+004    -1.120e+006     7.340e+006    -1.680e+006
1.400e+000     1.940e+004     5.040e+004     7.630e+004    -1.150e+006     6.660e+006    -1.660e+006
1.500e+000     1.870e+004     5.260e+004     7.230e+004    -1.140e+006     6.110e+006    -1.590e+006
1.600e+000     1.750e+004     5.060e+004     7.420e+004    -1.160e+006     5.730e+006    -1.580e+006
1.700e+000     1.680e+004     5.160e+004     7.330e+004    -1.140e+006     5.450e+006    -1.590e+006
1.800e+000     1.620e+004     5.170e+004     7.150e+004    -1.120e+006     5.230e+006    -1.630e+006
1.900e+000     1.380e+004     7.870e+004     2.800e+003    -1.100e+006     3.310e+006    -1.560e+006
2.000e+000     1.490e+004     5.630e+004     6.930e+004    -1.060e+006     4.950e+006    -1.730e+006
30
1.000e-001    -1.310e-002     2.000e-001     1.860e+004     2.380e+000     8.280e+004     1.810e+002
2.000e-001     2.220e-001     9.800e-001     6.040e+004     2.540e+002     2.760e+005     4.490e+003
3.000e-001     4.220e+003    -2.590e+002     4.080e+006     1.700e+005     1.080e+008    -3.460e+005
4.000e-001     2.720e+001     1.060e+002     2.230e+005    -1.210e+004     2.420e+006    -2.730e+004
5.000e-001     1.150e+003     7.010e+002     3.410e+005    -1.590e+004     7.410e+006    -7.390e+005
6.000e-001     1.610e+004     8.690e+003     4.720e+005    -7.860e+004     1.940e+007    -2.680e+006
7.000e-001     4.400e+004     4.910e+004     4.200e+005    -5.920e+005     2.920e+007    -4.190e+006
8.000e-001     4.200e+004     1.210e+005     1.740e+005    -1.530e+006     2.450e+007    -2.090e+006
9.000e-001     5.260e+004     1.510e+005     2.050e+005    -1.840e+006     2.580e+007    -1.560e+006
1.000e+000     4.710e+004     1.450e+005     1.430e+005    -2.050e+006     1.950e+007    -2.850e+006
1.100e+000     2.560e+004     1.670e+005     8.630e+004    -2.450e+006     1.120e+007    -1.960e+006
1.200e+000     2.500e+004     1.780e+005     8.070e+004    -2.580e+006     8.940e+006    -2.380e+006
1.300e+000     2.150e+004     1.880e+005     8.990e+004    -2.650e+006     7.630e+006    -2.490e+006
1.400e+000     2.060e+004     1.910e+005     9.740e+004    -2.610e+006     6.810e+006    -2.700e+006
1.500e+000     2.370e+004     2.000e+005     7.260e+004    -2.440e+006     6.690e+006    -3.190e+006
1.600e+000     2.150e+004     1.850e+005     9.510e+004    -2.430e+006     6.470e+006    -3.440e+006
1.700e+000     2.060e+004     1.830e+005     1.010e+005    -2.270e+006     6.470e+006    -3.600e+006
1.800e+000     2.040e+004     1.720e+005     8.790e+004    -2.150e+006     6.270e+006    -3.860e+006
1.900e+000     1.640e+004     4.540e+005    -9.750e+005    -2.640e+006    -1.900e+007    -1.260e+007
2.000e+000     2.110e+004     2.120e+005     1.190e+005    -1.890e+006     6.600e+006    -4.460e+006
45
1.000e-001    -6.950e-002     2.160e-001     1.870e+004     9.930e-001     8.290e+004     1.660e+002
2.000e-001    -3.310e-003     7.720e-001     6.070e+004     2.130e+002     2.780e+005     4.570e+003
3.000e-001     7.640e+003    -2.150e+002     7.370e+006     1.460e+005     1.970e+008    -2.970e+005
4.000e-001     1.630e+001     7.560e+001     2.310e+005    -8.490e+003     1.980e+006     6.600e+004
5.000e-001     6.420e+002     5.000e+002     3.420e+005    -4.840e+003     5.170e+006    -2.970e+005
6.000e-001     1.130e+004     7.790e+003     4.880e+005    -1.900e+004     1.470e+007    -1.740e+006
7.000e-001     4.900e+004     5.820e+004     5.840e+005    -4.590e+005     3.110e+007    -4.200e+006
8.000e-001     7.470e+004     1.900e+005     4.260e+005    -1.760e+006     3.780e+007    -3.960e+006
9.000e-001     3.860e+004     3.130e+005     1.910e+005    -3.190e+006     2.590e+007    -5.590e+005
1.000e+000     4.260e+004     3.470e+005     2.230e+005    -3.400e+006     2.420e+007    -1.670e+006
1.100e+000     3.650e+004     3.560e+005     1.530e+005    -3.300e+006     1.620e+007    -3.470e+006
1.200e+000     2.210e+004     3.730e+005     1.410e+005    -3.320e+006     1.060e+007    -3.080e+006
1.300e+000     2.530e+004     3.830e+005     1.530e+005    -3.260e+006     9.520e+006    -3.850e+006
1.400e+000     2.270e+004     3.850e+005     1.610e+005    -3.100e+006     8.300e+006    -4.060e+006
1.500e+000     4.990e+004     4.420e+005    -1.410e+005    -2.880e+006     6.890e+006    -4.970e+006
1.600e+000     2.740e+004     3.770e+005     1.580e+005    -3.060e+006     7.590e+006    -4.360e+006
1.700e+000     2.330e+004     3.940e+005     2.000e+005    -2.850e+006     7.580e+006    -4.340e+006
1.800e+000     2.340e+004     3.860e+005     1.950e+005    -2.720e+006     7.830e+006    -4.640e+006
1.900e+000     1.330e+004     4.630e+005    -4.660e+005    -2.720e+006    -6.540e+006    -9.540e+006
2.000e+000     2.140e+004     4.280e+005     1.970e+005    -2.480e+006     7.810e+006    -4.710e+006
60
1.000e-001    -1.260e-001     1.600e-001     1.870e+004    -7.980e-001     8.290e+004     1.080e+002
2.000e-001    -2.970e-001     5.880e-001     6.100e+004     1.140e+002     2.780e+005     3.390e+003
3.000e-001     1.030e+004    -9.340e+001     9.990e+006     8.400e+004     2.680e+008    -1.610e+005
4.000e-001     1.190e+001     3.360e+001     2.370e+005    -2.370e+003     1.610e+006     1.290e+005
5.000e-001     2.270e+002     2.530e+002     3.440e+005     5.170e+003     3.220e+006     2.150e+005
6.000e-001     4.930e+003     4.300e+003     4.920e+005     3.410e+004     8.620e+006     5.720e+004
7.000e-001     3.400e+004     4.180e+004     7.090e+005    -9.360e+004     2.320e+007    -1.060e+006
8.000e-001     1.050e+005     2.000e+005     9.130e+005    -8.790e+005     4.740e+007    -3.520e+006
9.000e-001     1.160e+005     4.280e+005     6.280e+005    -2.690e+006     5.250e+007    -4.960e+006
1.000e+000     4.610e+004     5.130e+005     3.310e+005    -3.760e+006     2.810e+007    -2.480e+006
1.100e+000     1.840e+004     5.480e+005     2.940e+005    -4.070e+006     1.830e+007    -1.270e+006
1.200e+000     2.790e+004     5.780e+005     2.860e+005    -4.030e+006     1.670e+007    -2.950e+006
1.300e+000     2.580e+004     5.830e+005     2.540e+005    -3.750e+006     1.230e+007    -2.560e+006
1.400e+000     1.650e+004     6.030e+005     2.610e+005    -3.590e+006     1.070e+007    -1.990e+006
1.500e+000     1.820e+004     6.060e+005     2.720e+005    -3.510e+006     1.040e+007    -2.500e+006
1.600e+000     1.700e+004     5.980e+005     2.390e+005    -3.390e+006     9.590e+006    -2.360e+006
1.700e+000     1.580e+004     6.000e+005     2.680e+005    -3.180e+006     9.800e+006    -2.790e+006
1.800e+000     1.510e+004     5.940e+005     2.470e+005    -3.090e+006     9.630e+006    -2.660e+006
1.900e+000     1.280e+004     6.040e+005     2.580e+005    -2.910e+006     9.640e+006    -2.820e+006
2.000e+000     1.460e+004     6.170e+005     2.670e+005    -2.880e+006     9.640e+006    -3.320e+006
75
1.000e-001    -1.630e-001     6.700e-002     1.880e+004    -1.210e+000     8.280e+004     4.700e+001
2.000e-001    -5.250e-001     9.230e-002     6.110e+004     3.540e+001     2.780e+005     1.710e+003
3.000e-001     1.170e+004     3.700e+001     1.140e+007     4.040e+004     3.090e+008    -2.990e+004
4.000e-001     1.430e+001     1.370e+001     2.390e+005     6.860e+002     1.380e+006     9.890e+004
5.000e-001     4.250e+001     2.160e+002     3.400e+005     3.780e+003     2.040e+006     3.010e+005
6.000e-001     8.030e+002     2.930e+003     4.610e+005     9.300e+003     3.900e+006     7.280e+005
7.000e-001     8.120e+003     2.960e+004     6.310e+005    -7.670e+004     9.230e+006     1.340e+006
8.000e-001     3.760e+004     2.020e+005     8.750e+005    -9.680e+005     2.310e+007     1.680e+006
9.000e-001     6.780e+004     5.230e+005     9.370e+005    -3.000e+006     4.680e+007    -1.640e+006
1.000e+000     7.210e+004     6.850e+005     7.020e+005    -4.220e+006     4.670e+007    -6.170e+006
1.100e+000     5.950e+004     7.430e+005     4.850e+005    -4.390e+006     3.450e+007    -6.010e+006
1.200e+000     3.380e+004     7.430e+005     3.780e+005    -4.210e+006     2.310e+007    -3.000e+006
1.300e+000     1.200e+004     7.440e+005     3.520e+005    -3.940e+006     1.580e+007    -4.000e+005
1.400e+000     4.360e+002     7.450e+005     3.460e+005    -3.830e+006     1.280e+007     3.660e+005
1.500e+000     1.370e+003     7.460e+005     3.100e+005    -3.660e+006     1.180e+007    -1.410e+005
1.600e+000     8.990e+003     7.600e+005     3.040e+005    -3.600e+006     1.280e+007    -9.520e+005
1.700e+000     6.850e+003     7.590e+005     3.170e+005    -3.300e+006     1.190e+007    -5.450e+005
1.800e+000     4.760e+003     7.530e+005     3.140e+005    -3.130e+006     1.090e+007    -2.000e+005
1.900e+000     1.020e+004     7.400e+005     4.490e+003    -2.990e+006     4.010e+006    -4.710e+006
2.000e+000     6.830e+003     7.710e+005     3.140e+005    -2.910e+006     1.070e+007    -6.740e+005
90
1.000e-001    -1.790e-001     3.600e-003     1.880e+004    -1.900e-002     8.280e+004     3.230e-001
2.000e-001    -6.240e-001    -4.360e-003     6.110e+004    -2.840e-002     2.780e+005     2.490e+000
3.000e-001     1.210e+004     7.290e+001     1.190e+007     3.080e+004     3.210e+008     6.340e+004
4.000e-001     1.620e+001     1.190e+001     2.390e+005    -3.280e+002     1.310e+006     2.280e+001
5.000e-001     1.720e+001     2.540e+002     3.360e+005    -3.640e+003     1.630e+006     1.310e+003
6.000e-001     1.300e+001     3.360e+003     4.350e+005    -2.820e+004     1.860e+006     2.760e+004
7.000e-001    -4.350e+002     3.380e+004     5.240e+005    -2.120e+005     1.510e+006     3.290e+005
8.000e-001    -1.040e+004     2.380e+005     5.050e+005    -1.520e+006     3.200e+005     2.750e+006
9.000e-001    -4.900e+004     6.060e+005     3.180e+005    -4.000e+006     5.630e+006     3.720e+006
1.000e+000    -4.790e+004     7.270e+005     2.290e+005    -4.560e+006     8.650e+006     7.850e+004
1.100e+000    -3.440e+004     7.480e+005     2.100e+005    -4.290e+006     7.910e+006    -7.570e+005
1.200e+000    -2.660e+004     7.600e+005     2.120e+005    -4.000e+006     7.140e+006     4.870e+004
1.300e+000    -2.220e+004     7.810e+005     2.380e+005    -3.740e+006     6.800e+006     1.160e+006
1.400e+000    -2.020e+004     7.920e+005     2.520e+005    -3.590e+006     6.680e+006     2.030e+006
1.500e+000    -1.730e+004     7.980e+005     2.400e+005    -3.420e+006     6.390e+006     2.660e+006
1.600e+000    -1.650e+004     8.250e+005     2.690e+005    -2.910e+006     7.010e+006     3.030e+006
1.700e+000    -1.450e+004     8.220e+005     2.850e+005    -3.130e+006     7.250e+006     3.180e+006
1.800e+000    -1.270e+004     8.220e+005     2.890e+005    -3.050e+006     7.530e+006     3.220e+006
1.900e+000    -9.170e+003     8.150e+005     9.680e+004    -2.950e+006     3.080e+006     9.330e+005
2.000e+000    -1.110e+004     8.200e+005     3.010e+005    -2.830e+006     8.160e+006     2.690e+006
105
1.000e-001    -1.650e-001    -7.230e-002     1.880e+004     1.070e+000     8.280e+004    -4.580e+001
2.000e-001    -5.270e-001    -1.380e-001     6.110e+004    -3.550e+001     2.780e+005    -1.710e+003
3.000e-001     1.170e+004     1.490e+002     1.140e+007     1.810e+004     3.090e+008     1.520e+005
4.000e-001     1.240e+001     8.890e+000     2.390e+005    -1.290e+003     1.380e+006    -9.880e+004
5.000e-001    -1.370e+001     2.220e+002     3.400e+005    -9.020e+003     1.860e+006    -2.990e+005
6.000e-001    -7.340e+002     3.030e+003     4.560e+005    -5.280e+004     2.000e+006    -6.870e+005
7.000e-001    -7.690e+003     3.060e+004     5.910e+005    -3.350e+005     5.300e+005    -9.260e+005
8.000e-001    -3.680e+004     2.150e+005     6.670e+005    -1.650e+006    -2.380e+006     1.830e+006
9.000e-001    -6.840e+004     5.320e+005     4.070e+005    -3.080e+006     1.830e+006     4.340e+006
1.000e+000    -7.200e+004     6.260e+005     2.280e+005    -3.300e+006    -4.640e+005     2.420e+006
1.100e+000    -6.430e+004     6.490e+005     1.750e+005    -3.270e+006    -3.760e+006     3.600e+006
1.200e+000    -5.130e+004     6.690e+005     1.760e+005    -3.200e+006    -2.990e+006     5.260e+006
1.300e+000    -3.530e+004     6.980e+005     2.300e+005    -3.210e+006     6.560e+005     5.790e+006
1.400e+000    -2.140e+004     7.190e+005     2.660e+005    -3.280e+006     4.280e+006     5.260e+006
1.500e+000    -1.330e+004     7.350e+005     2.840e+005    -3.260e+006     6.390e+006     4.190e+006
1.600e+000    -1.270e+004     7.440e+005     2.660e+005    -3.080e+006     6.330e+006     4.200e+006
1.700e+000    -1.740e+004     7.550e+005     2.680e+005    -2.980e+006     5.740e+006     4.810e+006
1.800e+000    -1.750e+004     7.610e+005     2.620e+005    -2.920e+006     5.910e+006     5.050e+006
1.900e+000    -1.240e+004     7.430e+005     9.890e+004    -2.720e+006     3.070e+006     2.990e+006
2.000e+000    -1.560e+004     7.720e+005     2.780e+005    -2.650e+006     6.230e+006     4.710e+006
120
1.000e-001    -1.220e-001    -1.500e-001     1.870e+004     7.600e-001     8.290e+004    -1.070e+002
2.000e-001    -2.890e-001    -4.380e-001     6.100e+004    -1.140e+002     2.780e+005    -3.390e+003
3.000e-001     1.020e+004     2.180e+002     9.980e+006    -3.490e+004     2.680e+008     2.680e+005
4.000e-001     7.310e+000    -1.520e+001     2.370e+005     1.930e+003     1.600e+006    -1.290e+005
5.000e-001    -1.620e+002     1.710e+002     3.430e+005    -7.380e+003     2.780e+006    -2.140e+005
6.000e-001    -4.530e+003     4.270e+003     4.670e+005    -9.240e+004     3.800e+006    -6.700e+004
7.000e-001    -3.130e+004     4.410e+004     5.780e+005    -5.820e+005     1.980e+006     1.120e+006
8.000e-001    -8.930e+004     2.190e+005     5.970e+005    -1.760e+006    -3.020e+006     5.920e+006
9.000e-001    -9.860e+004     4.340e+005     2.010e+005    -2.110e+006    -5.170e+006     9.750e+006
1.000e+000    -5.730e+004     5.330e+005     5.190e+004    -2.730e+006    -1.930e+006     7.620e+006
1.100e+000    -2.700e+004     5.800e+005     1.210e+005    -3.240e+006     3.300e+006     4.120e+006
1.200e+000    -2.620e+004     5.950e+005     1.490e+005    -3.240e+006     2.400e+006     4.690e+006
1.300e+000    -2.820e+004     6.140e+005     1.510e+005    -3.110e+006     1.930e+006     7.090e+006
1.400e+000    -2.440e+004     6.220e+005     1.760e+005    -2.860e+006     3.100e+006     7.080e+006
1.500e+000    -2.350e+004     6.290e+005     1.680e+005    -2.940e+006     2.820e+006     7.290e+006
1.600e+000    -2.470e+004     6.250e+005     1.770e+005    -2.810e+006     2.940e+006     7.050e+006
1.700e+000    -2.660e+004     6.230e+005     1.950e+005    -2.680e+006     2.790e+006     7.400e+006
1.800e+000    -2.640e+004     6.250e+005     1.910e+005    -2.550e+006     2.830e+006     6.750e+006
1.900e+000     4.820e+003     6.640e+005    -2.760e+005    -2.360e+006    -6.510e+006     2.120e+006
2.000e+000    -2.700e+004     6.260e+005     2.030e+005    -2.400e+006     2.260e+006     7.680e+006
135
1.000e-001    -6.650e-002    -2.100e-001     1.870e+004    -9.310e-001     8.290e+004    -1.670e+002
2.000e-001    -4.260e-003    -6.890e-001     6.070e+004    -2.120e+002     2.780e+005    -4.560e+003
3.000e-001     7.620e+003     3.200e+002     7.370e+006    -1.130e+005     1.970e+008     3.770e+005
4.000e-001     7.450e+000    -5.860e+001     2.310e+005     8.320e+003     1.960e+006    -6.560e+004
5.000e-001    -4.820e+002     1.040e+002     3.380e+005     2.990e+003     4.400e+006     2.960e+005
6.000e-001    -1.050e+004     6.730e+003     4.340e+005    -1.020e+005     6.560e+006     1.680e+006
7.000e-001    -4.660e+004     6.110e+004     4.130e+005    -6.660e+005     4.310e+006     4.210e+006
8.000e-001    -7.210e+004     2.160e+005     2.480e+005    -1.780e+006     1.070e+006     5.610e+006
9.000e-001    -4.460e+004     3.530e+005     9.670e+002    -2.540e+006     9.300e+005     2.490e+006
1.000e+000    -3.360e+004     3.940e+005    -2.640e+003    -2.830e+006     4.800e+005     1.360e+006
1.100e+000    -3.550e+004     4.090e+005     1.070e+004    -2.760e+006    -4.000e+005     5.160e+006
1.200e+000    -2.930e+004     4.270e+005     6.150e+004    -2.840e+006     1.170e+006     5.800e+006
1.300e+000    -3.280e+004     4.410e+005     8.280e+004    -2.850e+006    -1.640e+005     6.520e+006
1.400e+000    -3.120e+004     4.400e+005     9.240e+004    -2.680e+006    -3.390e+005     7.020e+006
1.500e+000    -9.570e+003     4.920e+005    -2.440e+005    -2.230e+006    -2.590e+006     7.430e+006
1.600e+000    -2.530e+004     4.220e+005     9.850e+004    -2.460e+006    -2.920e+005     6.840e+006
1.700e+000    -2.880e+004     4.330e+005     1.240e+005    -2.270e+006    -5.150e+005     7.320e+006
1.800e+000    -2.770e+004     4.210e+005     1.080e+005    -2.170e+006    -5.870e+005     7.270e+006
1.900e+000     4.220e+003     4.250e+005    -3.210e+005    -2.150e+006    -1.040e+007     7.300e+006
2.000e+000    -2.910e+004     4.550e+005     1.270e+005    -1.970e+006    -8.390e+005     7.450e+006
150
1.000e-001    -1.530e-002    -1.970e-001     1.860e+004    -2.460e+000     8.280e+004    -1.820e+002
2.000e-001     2.200e-001    -8.670e-001     6.040e+004    -2.530e+002     2.760e+005    -4.490e+003
3.000e-001     4.200e+003     3.200e+002     4.080e+006    -1.550e+005     1.080e+008     3.890e+005
4.000e-001     1.220e+001    -8.920e+001     2.230e+005     1.230e+004     2.400e+006     2.800e+004
5.000e-001    -9.150e+002     1.970e+001     3.340e+005     1.330e+004     6.290e+006     7.380e+005
6.000e-001    -1.530e+004     6.880e+003     4.000e+005    -7.080e+004     8.910e+006     2.610e+006
7.000e-001    -4.380e+004     5.200e+004     2.700e+005    -5.350e+005     4.900e+006     4.230e+006
8.000e-001    -4.670e+004     1.430e+005     5.140e+004    -1.400e+006    -6.710e+005     2.330e+006
9.000e-001    -4.450e+004     1.870e+005    -3.830e+004    -1.710e+006    -3.600e+006     3.290e+005
1.000e+000    -3.480e+004     1.980e+005    -5.390e+004    -1.790e+006    -1.990e+006     2.380e+006
1.100e+000    -2.210e+004     2.250e+005    -2.060e+004    -2.190e+006     5.500e+005     2.330e+006
1.200e+000    -2.430e+004     2.420e+005    -5.330e+002    -2.390e+006    -5.010e+005     3.220e+006
1.300e+000    -2.360e+004     2.480e+005     2.230e+004    -2.390e+006    -8.430e+005     3.650e+006
1.400e+000    -2.430e+004     2.500e+005     3.730e+004    -2.320e+006    -1.420e+006     4.260e+006
1.500e+000    -1.910e+004     2.550e+005    -1.750e+004    -2.080e+006    -1.980e+006     4.440e+006
1.600e+000    -2.120e+004     2.290e+005     2.460e+004    -2.140e+006    -2.260e+006     4.590e+006
1.700e+000    -2.130e+004     2.240e+005     3.880e+004    -1.980e+006    -2.230e+006     4.570e+006
1.800e+000    -1.850e+004     2.120e+005     2.570e+004    -1.870e+006    -2.400e+006     4.390e+006
1.900e+000     3.090e+004     4.670e+005    -9.170e+005    -2.310e+006    -2.310e+007     4.090e+006
2.000e+000    -2.430e+004     2.470e+005     6.410e+004    -1.630e+006    -2.400e+006     5.590e+006
165
1.000e-001     2.640e-002    -1.060e-001     1.860e+004    -2.120e+000     8.270e+004    -1.200e+002
2.000e-001     3.170e-001    -7.920e-001     6.000e+004    -1.740e+002     2.750e+005    -2.800e+003
3.000e-001     1.210e+003     2.160e+002     1.250e+006    -1.130e+005     3.110e+007     2.500e+005
4.000e-001     1.690e+001    -6.770e+001     2.170e+005     9.230e+003     2.770e+006     5.580e+004
5.000e-001    -1.290e+003    -1.400e+001     3.350e+005     1.260e+004     7.760e+006     6.210e+005
6.000e-001    -1.760e+004     4.150e+003     3.850e+005    -3.230e+004     1.010e+007     1.820e+006
7.000e-001    -3.670e+004     2.700e+004     2.040e+005    -2.900e+005     3.940e+006     2.240e+006
8.000e-001    -4.150e+004     6.080e+004     1.570e+004    -6.800e+005    -3.870e+006     8.470e+005
9.000e-001    -4.300e+004     6.270e+004    -5.230e+003    -6.360e+005    -4.710e+006     1.010e+006
1.000e+000    -2.130e+004     6.450e+004    -2.240e+004    -7.620e+005    -1.070e+006     1.610e+006
1.100e+000    -1.730e+004     7.470e+004    -1.870e+004    -1.020e+006    -1.200e+006     1.380e+006
1.200e+000    -1.600e+004     7.850e+004    -9.320e+003    -1.130e+006    -1.380e+006     1.520e+006
1.300e+000    -1.540e+004     8.270e+004     2.720e+001    -1.230e+006    -1.620e+006     1.620e+006
1.400e+000    -1.450e+004     8.440e+004     8.810e+003    -1.280e+006    -1.720e+006     1.630e+006
1.500e+000    -1.360e+004     8.550e+004     1.400e+004    -1.280e+006    -1.780e+006     1.670e+006
1.600e+000    -1.340e+004     8.260e+004     1.930e+004    -1.300e+006    -1.820e+006     1.770e+006
1.700e+000    -1.280e+004     8.110e+004     2.190e+004    -1.270e+006    -1.800e+006     1.820e+006
1.800e+000    -1.190e+004     7.730e+004     2.080e+004    -1.240e+006    -1.760e+006     1.800e+006
1.900e+000     1.030e+004     1.360e+005    -2.030e+005    -1.100e+006    -5.460e+006    -8.970e+005
2.000e+000    -1.120e+004     8.360e+004     2.600e+004    -1.130e+006    -1.690e+006     1.930e+006
180
1.000e-001     3.700e-002     1.850e-002     1.860e+004     1.520e-002     8.270e+004    -5.250e-001
2.000e-001     3.490e-001     2.540e-002     5.990e+004     1.260e+000     2.740e+005     1.360e+000
3.000e-001     4.920e+000     8.980e-001     1.260e+005    -2.050e+001     7.940e+005     1.310e+001
4.000e-001     1.830e+001     6.400e+000     2.150e+005     2.790e+002     2.910e+006     4.760e+002
5.000e-001    -1.430e+003     2.460e+001     3.360e+005     1.040e+003     8.290e+006     1.700e+003
6.000e-001    -1.810e+004     5.300e+001     3.830e+005     2.040e+003     1.040e+007     3.190e+003
7.000e-001    -3.380e+004     4.390e+001     1.880e+005     1.860e+003     3.370e+006     2.300e+003
8.000e-001    -4.140e+004     2.560e+001     2.030e+004     1.300e+003    -4.810e+006     1.940e+003
9.000e-001    -3.910e+004     2.550e+001     1.690e+004     1.270e+003    -4.170e+006     2.060e+003
1.000e+000    -1.660e+004     1.740e+001    -1.990e+003     7.780e+002    -8.090e+005     4.900e+002
1.100e+000    -1.380e+004     1.400e+001    -6.180e+003     6.630e+002    -1.440e+006     2.560e+002
1.200e+000    -1.200e+004     2.180e+000     4.050e+002     6.220e+002    -1.470e+006    -4.860e+002
1.300e+000    -1.080e+004     1.280e+001     5.440e+003     4.030e+002    -1.660e+006    -3.030e+001
1.400e+000    -9.760e+003     5.740e-001     9.860e+003     4.240e+002    -1.730e+006    -3.820e+002
1.500e+000    -8.970e+003     6.060e+001     9.700e+003    -1.780e+002    -1.740e+006    -4.080e+003
1.600e+000    -8.010e+003    -4.050e+000     1.470e+004     3.180e+002    -1.700e+006    -1.110e+003
1.700e+000    -7.540e+003    -2.440e+000     1.600e+004     1.380e+002    -1.630e+006    -8.080e+002
1.800e+000    -7.100e+003     3.230e+000     1.630e+004     7.290e+001    -1.540e+006    -9.550e+002
1.900e+000    -5.780e+003     3.890e+002     1.000e+004    -2.250e+003    -1.400e+006    -3.540e+004
2.000e+000    -5.970e+003     7.380e-001     1.550e+004    -8.310e+001    -1.310e+006    -1.450e+003
