13 20
0
1.000e-001     7.690e-001    -5.340e-003     1.890e+004     5.000e-001     8.840e+004    -1.300e+000
2.000e-001     4.780e+001     7.080e-002     6.040e+004     4.110e+000     3.190e+005    -3.330e+000
3.000e-001     5.270e+002     7.800e-001     1.260e+005     3.560e+001     1.030e+006    -1.020e+001
4.000e-001     2.020e+003     5.430e+000     2.040e+005     2.720e+002     3.500e+006     4.510e+002
5.000e-001     3.480e+003     1.780e+001     2.850e+005     8.870e+002     9.250e+006     1.260e+003
6.000e-001     5.090e+003     2.630e+001     3.040e+005     1.440e+003     1.490e+007     1.580e+003
7.000e-001     1.070e+004     1.110e+001     1.720e+005     9.240e+002     1.380e+007     2.780e+002
8.000e-001     1.630e+004     7.120e+000     1.100e+005     2.550e+002     1.220e+007     3.440e+002
9.000e-001     1.900e+004     1.670e+001     1.850e+005     5.810e+002     1.420e+007     7.090e+002
1.000e+000     1.260e+004     1.020e+001     1.220e+005     4.720e+002     9.810e+006     3.560e+001
1.100e+000     1.640e+004     1.010e+001     1.210e+005     1.950e+002     1.010e+007     3.090e+002
1.200e+000     1.490e+004     5.790e+000     1.120e+005     1.770e+002     8.710e+006     1.180e+002
1.300e+000     9.700e+003     5.220e+000     9.800e+004    -4.190e+001     6.260e+006     6.770e+001
1.400e+000     1.020e+004     4.190e+000     9.360e+004    -2.600e+002     5.810e+006    -9.750e+000
1.500e+000     1.020e+004     4.840e+000     9.120e+004    -5.180e+002     5.350e+006    -9.560e+001
1.600e+000     1.010e+004     4.700e+000     8.850e+004    -8.170e+002     4.980e+006    -3.830e+001
1.700e+000     1.010e+004     4.290e+000     8.570e+004    -1.140e+003     4.750e+006     2.360e+002
1.800e+000     1.030e+004     4.710e+000     8.340e+004    -1.480e+003     4.630e+006     7.380e+002
1.900e+000     1.060e+004     2.710e+000     8.120e+004    -1.820e+003     4.570e+006     1.200e+003
2.000e+000     1.090e+004    -1.010e+000     7.920e+004    -2.160e+003     4.570e+006     1.860e+003
15
1.000e-001     1.050e+000     9.770e-001     1.880e+004    -1.520e+000     8.930e+004    -1.880e+003
2.000e-001     4.470e+001     1.560e+001     6.030e+004    -3.840e+001     3.190e+005    -1.280e+004
3.000e-001     4.960e+002     1.040e+002     1.320e+005     3.470e+003     1.180e+006    -2.330e+005
4.000e-001     1.960e+003     6.400e+002     2.070e+005    -1.330e+004     3.390e+006     2.590e+003
5.000e-001     3.540e+003     1.070e+003     2.860e+005    -2.950e+004     8.780e+006    -6.570e+005
6.000e-001     5.410e+003     1.990e+003     3.050e+005    -7.270e+004     1.470e+007    -1.790e+006
7.000e-001     1.150e+004     8.260e+003     1.790e+005    -1.990e+005     1.470e+007    -2.040e+006
8.000e-001     1.680e+004     1.480e+004     9.560e+004    -2.400e+005     1.290e+007    -1.200e+006
9.000e-001     2.150e+004     5.970e+003     1.750e+005    -5.060e+004     1.520e+007    -1.810e+006
1.000e+000     1.280e+004     2.060e+002     1.200e+005    -7.590e+004     1.030e+007    -1.630e+006
1.100e+000     1.920e+004     2.300e+003     1.280e+005    -5.460e+004     1.120e+007    -1.580e+006
1.200e+000     1.460e+004     2.030e+003     1.070e+005    -7.080e+004     8.700e+006    -1.380e+006
1.300e+000     1.160e+004    -2.380e+003     9.800e+004    -4.430e+004     6.740e+006    -1.460e+006
1.400e+000     1.130e+004    -1.900e+003     9.560e+004    -4.140e+004     6.150e+006    -1.160e+006
1.500e+000     1.030e+004    -2.050e+003     9.130e+004    -1.360e+004     5.380e+006    -9.560e+005
1.600e+000     9.920e+003    -2.750e+003     8.750e+004    -3.730e+003     4.900e+006    -8.590e+005
1.700e+000     9.980e+003    -3.070e+003     8.500e+004    -3.350e+003     4.620e+006    -7.870e+005
1.800e+000     1.020e+004    -3.070e+003     8.270e+004     6.670e+002     4.490e+006    -7.050e+005
1.900e+000     1.040e+004    -3.090e+003     8.060e+004     2.210e+003     4.440e+006    -6.380e+005
2.000e+000     1.070e+004    -3.130e+003     7.850e+004     3.930e+003     4.430e+006    -5.820e+005
30
1.000e-001     1.800e+000     1.480e+000     1.880e+004     9.760e+000     9.180e+004    -2.710e+003
2.000e-001     3.610e+001     2.650e+001     6.020e+004    -1.140e+002     3.190e+005    -2.090e+004
3.000e-001     4.080e+002     1.760e+002     1.520e+005     2.330e+003     1.700e+006    -4.710e+005
4.000e-001     1.750e+003     1.180e+003     2.170e+005    -1.640e+004     3.070e+006     1.050e+005
5.000e-001     3.600e+003     2.220e+003     2.920e+005    -3.860e+004     7.500e+006    -7.980e+005
6.000e-001     6.290e+003     4.180e+003     3.190e+005    -1.020e+005     1.360e+007    -2.650e+006
7.000e-001     1.420e+004     1.840e+004     2.170e+005    -3.940e+005     1.690e+007    -3.920e+006
8.000e-001     1.920e+004     4.470e+004     8.330e+004    -8.120e+005     1.580e+007    -2.650e+006
9.000e-001     2.550e+004     4.070e+004     1.250e+005    -5.500e+005     1.790e+007    -2.630e+006
1.000e+000     2.030e+004     8.640e+003     1.140e+005    -1.980e+005     1.430e+007    -3.900e+006
1.100e+000     2.500e+004     9.050e+003     1.280e+005    -2.510e+005     1.380e+007    -3.210e+006
1.200e+000     1.880e+004     2.660e+003     1.070e+005    -1.180e+005     1.000e+007    -3.580e+006
1.300e+000     1.680e+004     6.310e+003     1.020e+005    -1.580e+005     8.670e+006    -3.000e+006
1.400e+000     1.380e+004    -5.880e+001     9.430e+004    -1.120e+005     6.570e+006    -2.910e+006
1.500e+000     1.380e+004    -3.220e+003     9.280e+004    -9.400e+004     5.690e+006    -2.760e+006
1.600e+000     1.190e+004    -2.140e+003     9.100e+004    -5.320e+004     5.180e+006    -2.130e+006
1.700e+000     1.110e+004    -3.960e+003     8.900e+004    -2.010e+004     4.700e+006    -1.890e+006
1.800e+000     1.080e+004    -4.270e+003     8.500e+004    -5.030e+003     4.440e+006    -1.640e+006
1.900e+000     1.070e+004    -4.810e+003     8.210e+004     1.120e+001     4.260e+006    -1.480e+006
2.000e+000     1.070e+004    -4.790e+003     7.920e+004     6.320e+003     4.170e+006    -1.310e+006
45
1.000e-001     2.900e+000     1.530e+000     1.880e+004     4.110e+001     9.540e+004    -2.000e+003
2.000e-001     2.430e+001     2.960e+001     6.010e+004    -2.070e+002     3.190e+005    -2.210e+004
3.000e-001     2.840e+002     1.880e+002     1.960e+005    -6.600e+003     2.900e+006    -7.590e+005
4.000e-001     1.370e+003     1.510e+003     2.270e+005    -7.970e+003     2.610e+006     3.120e+005
5.000e-001     3.330e+003     3.410e+003     3.060e+005    -2.280e+004     5.760e+006    -2.960e+005
6.000e-001     7.110e+003     6.610e+003     3.620e+005    -5.450e+004     1.140e+007    -1.850e+006
7.000e-001     1.870e+004     2.660e+004     3.350e+005    -3.630e+005     1.850e+007    -4.020e+006
8.000e-001     3.080e+004     8.840e+004     2.110e+005    -1.370e+006     2.250e+007    -4.350e+006
9.000e-001     2.690e+004     1.520e+005     1.100e+005    -2.250e+006     2.160e+007    -2.130e+006
1.000e+000     2.770e+004     1.410e+005     1.050e+005    -1.890e+006     2.130e+007    -2.700e+006
1.100e+000     3.890e+004     1.070e+005     1.230e+005    -1.700e+006     2.100e+007    -4.420e+006
1.200e+000     3.040e+004     1.020e+005     9.350e+004    -1.770e+006     1.620e+007    -3.690e+006
1.300e+000     2.210e+004     7.660e+004     6.090e+004    -1.180e+006     1.180e+007    -4.700e+006
1.400e+000     2.260e+004     5.330e+004     5.990e+004    -7.800e+005     9.840e+006    -4.820e+006
1.500e+000     2.730e+004     3.480e+004     7.450e+004    -5.210e+005     8.150e+006    -5.590e+006
1.600e+000     2.930e+004     2.620e+004     9.330e+004    -3.990e+005     6.670e+006    -5.330e+006
1.700e+000     2.760e+004     2.060e+004     1.090e+005    -3.070e+005     5.760e+006    -4.710e+006
1.800e+000     2.340e+004     1.970e+004     1.140e+005    -2.000e+005     5.610e+006    -4.430e+006
1.900e+000     2.160e+004     1.580e+004     1.130e+005    -1.220e+005     5.290e+006    -4.190e+006
2.000e+000     1.930e+004     1.320e+004     1.110e+005    -9.010e+004     5.060e+006    -3.760e+006
60
1.000e-001     3.840e+000     1.140e+000     1.890e+004     8.840e+001     9.930e+004    -4.740e+001
2.000e-001     1.240e+001     2.490e+001     6.030e+004    -2.630e+002     3.200e+005    -1.770e+004
3.000e-001     2.000e+002     1.130e+002     3.050e+005    -2.550e+004     5.950e+006    -1.240e+006
4.000e-001     8.360e+002     1.500e+003     2.340e+005     3.920e+003     2.130e+006     5.390e+005
5.000e-001     2.350e+003     4.130e+003     3.220e+005    -1.960e+003     4.090e+006     4.490e+005
6.000e-001     6.220e+003     9.040e+003     4.160e+005     1.130e+004     8.300e+006     4.980e+004
7.000e-001     1.980e+004     2.770e+004     5.110e+005    -5.820e+004     1.650e+007    -1.080e+006
8.000e-001     5.250e+004     1.020e+005     5.850e+005    -6.490e+005     2.850e+007    -3.110e+006
9.000e-001     8.090e+004     2.480e+005     5.280e+005    -1.850e+006     3.720e+007    -4.050e+006
1.000e+000     5.040e+004     3.810e+005     3.310e+005    -3.440e+006     3.140e+007    -2.560e+006
1.100e+000     1.450e+004     4.170e+005     2.610e+005    -4.020e+006     2.090e+007    -1.120e+006
1.200e+000     2.640e+004     4.280e+005     2.660e+005    -3.970e+006     2.060e+007    -3.180e+006
1.300e+000     3.130e+004     4.250e+005     2.310e+005    -3.840e+006     1.580e+007    -3.780e+006
1.400e+000     1.970e+004     4.300e+005     2.150e+005    -3.830e+006     1.100e+007    -3.020e+006
1.500e+000     2.160e+004     4.320e+005     2.180e+005    -3.770e+006     1.050e+007    -3.820e+006
1.600e+000     1.870e+004     4.150e+005     2.130e+005    -3.590e+006     8.810e+006    -3.690e+006
1.700e+000     1.940e+004     4.120e+005     2.200e+005    -3.520e+006     8.860e+006    -4.510e+006
1.800e+000     2.030e+004     3.940e+005     2.160e+005    -3.340e+006     8.480e+006    -4.930e+006
1.900e+000     2.080e+004     3.840e+005     2.160e+005    -3.250e+006     8.870e+006    -5.770e+006
2.000e+000     2.150e+004     3.630e+005     2.040e+005    -3.100e+006     8.960e+006    -6.300e+006
75
1.000e-001     4.640e+000     6.720e-001     1.910e+004     1.380e+002     1.030e+005     2.220e+003
2.000e-001     3.850e+000     1.420e+001     6.090e+004    -2.400e+002     3.240e+005    -1.170e+004
3.000e-001     4.750e+002    -1.020e+002     7.380e+005    -6.390e+004     1.800e+007    -2.460e+006
4.000e-001     2.960e+002     1.030e+003     2.380e+005     1.170e+004     1.790e+006     6.820e+005
5.000e-001     8.550e+002     3.360e+003     3.300e+005     6.630e+003     2.970e+006     9.060e+005
6.000e-001     2.540e+003     9.520e+003     4.340e+005     1.940e+003     5.510e+006     1.300e+006
7.000e-001     8.920e+003     3.190e+004     5.580e+005    -5.600e+004     1.080e+007     1.690e+006
8.000e-001     3.070e+004     1.370e+005     7.100e+005    -5.760e+005     2.060e+007     1.290e+006
9.000e-001     6.340e+004     3.880e+005     8.120e+005    -2.050e+006     3.740e+007    -6.480e+005
1.000e+000     7.740e+004     5.730e+005     7.420e+005    -3.530e+006     4.830e+007    -4.840e+006
1.100e+000     7.090e+004     6.630e+005     5.560e+005    -4.200e+006     4.060e+007    -6.550e+006
1.200e+000     4.710e+004     6.800e+005     4.200e+005    -4.210e+006     2.770e+007    -4.370e+006
1.300e+000     1.480e+004     6.540e+005     3.590e+005    -4.020e+006     1.740e+007    -9.570e+005
1.400e+000     1.570e+003     6.740e+005     3.470e+005    -3.940e+006     1.300e+007     8.570e+004
1.500e+000     8.420e+002     6.830e+005     3.440e+005    -3.880e+006     1.250e+007    -3.300e+005
1.600e+000     7.490e+003     6.880e+005     3.370e+005    -3.700e+006     1.260e+007    -8.590e+005
1.700e+000     8.700e+003     6.780e+005     3.190e+005    -3.430e+006     1.130e+007    -3.160e+005
1.800e+000     2.520e+003     6.880e+005     2.660e+005    -3.100e+006     1.010e+007     6.510e+005
1.900e+000     2.650e+003     6.580e+005     3.060e+005    -3.170e+006     1.060e+007    -4.430e+005
2.000e+000     7.930e+003     6.640e+005     3.160e+005    -3.100e+006     1.090e+007    -9.400e+005
90
1.000e-001     4.910e+000     3.190e-001     1.920e+004     1.730e+002     1.040e+005     3.780e+003
2.000e-001     1.320e+000     1.020e+000     6.180e+004    -1.640e+002     3.280e+005    -8.910e+003
3.000e-001     1.210e+004    -1.080e+003     1.220e+007    -2.930e+005     3.290e+008    -1.190e+007
4.000e-001     2.050e+001     1.590e+002     2.420e+005     1.580e+004     1.680e+006     6.820e+005
5.000e-001    -2.700e+001     6.270e+002     3.390e+005     1.320e+004     2.610e+006     8.490e+005
6.000e-001    -1.010e+002     4.010e+003     4.390e+005    -6.580e+003     3.990e+006     1.080e+006
7.000e-001    -5.880e+002     3.370e+004     5.310e+005    -1.720e+005     5.800e+006     1.450e+006
8.000e-001    -9.460e+003     2.290e+005     5.200e+005    -1.410e+006     8.680e+006     2.510e+006
9.000e-001    -3.960e+004     5.940e+005     3.300e+005    -3.920e+006     1.180e+007     1.560e+006
1.000e+000    -3.980e+004     7.230e+005     2.340e+005    -4.560e+006     1.110e+007    -1.150e+006
1.100e+000    -2.990e+004     7.460e+005     2.130e+005    -4.290e+006     8.940e+006    -1.370e+006
1.200e+000    -2.410e+004     7.590e+005     2.130e+005    -4.000e+006     7.660e+006    -3.020e+005
1.300e+000    -2.080e+004     7.800e+005     2.390e+005    -3.740e+006     7.090e+006     9.420e+005
1.400e+000    -1.940e+004     7.920e+005     2.530e+005    -3.590e+006     6.850e+006     1.890e+006
1.500e+000    -1.670e+004     7.980e+005     2.400e+005    -3.420e+006     6.480e+006     2.570e+006
1.600e+000    -1.620e+004     8.260e+005     2.690e+005    -2.910e+006     7.070e+006     2.980e+006
1.700e+000    -1.430e+004     8.220e+005     2.850e+005    -3.130e+006     7.280e+006     3.150e+006
1.800e+000    -1.260e+004     8.230e+005     2.890e+005    -3.050e+006     7.550e+006     3.190e+006
1.900e+000    -9.110e+003     8.160e+005     9.620e+004    -2.950e+006     3.070e+006     9.150e+005
2.000e+000    -1.110e+004     8.200e+005     3.010e+005    -2.830e+006     8.160e+006     2.690e+006
105
1.000e-001     4.650e+000     1.910e-001     1.930e+004     1.810e+002     1.040e+005     4.040e+003
2.000e-001     5.960e+000    -1.140e+001     6.260e+004    -1.120e+002     3.320e+005    -1.150e+004
3.000e-001     2.070e+003     3.470e+002     2.280e+006     1.560e+005     5.770e+007     5.380e+006
4.000e-001     2.350e+002    -8.070e+002     2.460e+005     1.990e+004     1.820e+006     5.470e+005
5.000e-001     8.140e+002    -2.710e+003     3.580e+005     2.530e+004     2.990e+006     4.410e+005
6.000e-001     1.390e+003    -3.610e+003     4.990e+005     1.210e+003     3.950e+006     7.030e+004
7.000e-001    -5.770e+003     3.280e+004     6.830e+005    -3.390e+005     3.390e+006    -4.900e+004
8.000e-001    -4.290e+004     3.210e+005     7.600e+005    -2.080e+006     4.110e+006     3.300e+006
9.000e-001    -7.180e+004     6.460e+005     4.210e+005    -3.420e+006     7.170e+006     1.930e+006
1.000e+000    -6.920e+004     6.920e+005     2.380e+005    -3.470e+006     6.080e+005     8.930e+005
1.100e+000    -5.960e+004     7.030e+005     1.900e+005    -3.310e+006    -2.490e+006     3.110e+006
1.200e+000    -3.360e+004     7.300e+005    -1.290e+005    -3.290e+006    -1.890e+006     6.600e+006
1.300e+000     4.270e+003     7.410e+005    -3.750e+005    -3.340e+006    -1.760e+005     7.270e+006
1.400e+000    -2.290e+004     7.900e+005     2.670e+005    -3.260e+006     5.010e+006     5.330e+006
1.500e+000    -1.820e+004     8.020e+005     2.700e+005    -3.280e+006     6.960e+006     4.630e+006
1.600e+000    -1.840e+004     8.230e+005     2.960e+005    -3.060e+006     6.670e+006     4.480e+006
1.700e+000    -1.890e+004     8.210e+005     2.520e+005    -2.840e+006     5.590e+006     4.940e+006
1.800e+000    -2.260e+004     8.350e+005     2.800e+005    -2.790e+006     6.050e+006     5.300e+006
1.900e+000    -2.220e+004     8.470e+005     2.870e+005    -2.760e+006     6.560e+006     4.920e+006
2.000e+000    -2.300e+004     8.540e+005     2.830e+005    -2.750e+006     6.570e+006     4.540e+006
120
1.000e-001     3.890e+000     3.320e-001     1.930e+004     1.620e+002     1.010e+005     3.100e+003
2.000e-001     1.700e+001    -2.000e+001     6.300e+004    -1.430e+002     3.330e+005    -1.770e+004
3.000e-001     3.790e+002    -1.020e+002     4.840e+005     7.250e+004     9.970e+006     2.180e+006
4.000e-001     9.100e+002    -1.490e+003     2.490e+005     2.450e+004     2.160e+006     3.700e+005
5.000e-001     2.570e+003    -4.390e+003     3.810e+005     2.750e+004     4.050e+006     1.860e+005
6.000e-001    -3.450e+003    -6.520e+002     5.620e+005    -1.020e+005     4.480e+006     1.120e+005
7.000e-001    -5.140e+004     8.230e+004     7.860e+005    -9.190e+005    -6.640e+005     2.120e+006
8.000e-001    -1.310e+005     3.920e+005     6.100e+005    -1.870e+006    -5.610e+006     9.140e+006
9.000e-001    -1.110e+005     5.560e+005     8.250e+004    -2.120e+006    -7.420e+006     9.460e+006
1.000e+000    -5.870e+004     6.270e+005     6.800e+004    -2.920e+006    -9.000e+005     7.730e+006
1.100e+000    -3.100e+004     6.730e+005     1.550e+005    -3.470e+006     4.830e+006     4.250e+006
1.200e+000    -2.900e+004     6.850e+005     1.650e+005    -3.020e+006     3.460e+006     5.340e+006
1.300e+000    -3.590e+004     7.200e+005     1.870e+005    -3.000e+006     3.180e+006     7.280e+006
1.400e+000    -3.060e+004     7.310e+005     1.900e+005    -2.930e+006     4.530e+006     7.010e+006
1.500e+000    -3.440e+004     7.500e+005     2.210e+005    -2.770e+006     4.240e+006     7.370e+006
1.600e+000    -4.150e+004     7.960e+005     1.960e+005    -2.820e+006     3.270e+006     7.940e+006
1.700e+000    -4.210e+004     8.020e+005     1.880e+005    -2.720e+006     3.050e+006     7.460e+006
1.800e+000    -3.700e+004     7.750e+005     2.250e+005    -2.470e+006     3.960e+006     7.510e+006
1.900e+000    -3.970e+004     7.840e+005     2.270e+005    -2.410e+006     4.030e+006     7.310e+006
2.000e+000    -4.140e+004     7.870e+005     2.300e+005    -2.330e+006     4.070e+006     7.150e+006
135
1.000e-001     2.770e+000     5.120e-001     1.910e+004     1.240e+002     9.660e+004     1.650e+003
2.000e-001     3.140e+001    -2.310e+001     6.260e+004    -2.270e+002     3.300e+005    -2.290e+004
3.000e-001     3.760e+002    -2.440e+002     2.520e+005     5.190e+004     3.980e+006     1.220e+006
4.000e-001     1.760e+003    -1.690e+003     2.480e+005     2.650e+004     2.660e+006     2.560e+005
5.000e-001     3.010e+003    -3.780e+003     4.000e+005     1.560e+004     5.640e+006     4.160e+005
6.000e-001    -2.180e+004     1.110e+004     5.730e+005    -2.200e+005     4.990e+006     1.700e+006
7.000e-001    -1.020e+005     1.340e+005     6.530e+005    -1.150e+006    -3.060e+006     5.600e+006
8.000e-001    -1.120e+005     3.560e+005     1.520e+005    -1.610e+006    -4.690e+006     8.140e+006
9.000e-001    -5.460e+004     4.590e+005    -1.820e+003    -2.600e+006     7.220e+005     4.390e+006
1.000e+000    -4.910e+004     5.050e+005     6.110e+004    -2.850e+006     1.870e+006     3.720e+006
1.100e+000    -4.900e+004     5.350e+005     6.300e+002    -2.910e+006     7.330e+005     6.730e+006
1.200e+000    -3.660e+004     5.410e+005     1.140e+005    -2.550e+006     2.660e+006     7.130e+006
1.300e+000    -3.950e+004     5.590e+005     1.140e+005    -2.490e+006     2.070e+006     7.010e+006
1.400e+000    -4.190e+004     5.790e+005     1.470e+005    -2.390e+006     2.070e+006     7.340e+006
1.500e+000    -4.340e+004     5.930e+005     1.550e+005    -2.260e+006     1.950e+006     7.520e+006
1.600e+000    -4.560e+004     6.040e+005     1.620e+005    -2.160e+006     1.990e+006     7.510e+006
1.700e+000    -4.870e+004     6.190e+005     1.530e+005    -2.080e+006     1.000e+006     7.800e+006
1.800e+000    -4.570e+004     6.200e+005     1.650e+005    -1.980e+006     2.130e+006     7.420e+006
1.900e+000    -4.100e+004     6.220e+005     1.510e+005    -1.870e+006     1.940e+006     6.710e+006
2.000e+000    -4.970e+004     6.320e+005     1.600e+005    -1.800e+006     1.940e+006     7.560e+006
150
1.000e-001     1.740e+000     5.320e-001     1.890e+004     7.940e+001     9.180e+004     4.530e+002
2.000e-001     4.550e+001    -1.990e+001     6.180e+004    -2.660e+002     3.250e+005    -2.210e+004
3.000e-001     5.370e+002    -2.480e+002     1.750e+005     3.710e+004     2.080e+006     6.820e+005
4.000e-001     2.470e+003    -1.410e+003     2.450e+005     2.280e+004     3.250e+006     2.030e+005
5.000e-001     1.370e+003    -2.160e+003     4.150e+005     4.010e+003     7.340e+006     7.500e+005
6.000e-001    -4.190e+004     1.700e+004     5.570e+005    -2.200e+005     5.460e+006     2.740e+006
7.000e-001    -1.080e+005     1.240e+005     4.480e+005    -9.310e+005    -2.560e+006     5.140e+006
8.000e-001    -7.310e+004     2.580e+005    -1.260e+004    -1.640e+006    -2.310e+006     2.860e+006
9.000e-001    -6.030e+004     3.060e+005    -6.820e+003    -2.040e+006    -5.800e+005     1.730e+006
1.000e+000    -5.270e+004     3.310e+005    -9.170e+003    -1.990e+006    -6.780e+005     4.980e+006
1.100e+000    -4.320e+004     3.560e+005     3.700e+004    -2.040e+006     1.430e+006     5.410e+006
1.200e+000    -3.880e+004     3.640e+005     5.920e+004    -1.900e+006     8.510e+005     5.900e+006
1.300e+000    -3.710e+004     3.670e+005     6.040e+004    -1.770e+006     7.080e+005     5.410e+006
1.400e+000    -4.250e+004     3.940e+005     9.020e+004    -1.710e+006     7.320e+005     5.850e+006
1.500e+000    -4.520e+004     4.040e+005     9.640e+004    -1.610e+006     4.100e+005     6.090e+006
1.600e+000    -4.700e+004     4.040e+005     1.030e+005    -1.530e+006     6.960e+005     6.210e+006
1.700e+000    -5.110e+004     4.170e+005     4.770e+004    -1.280e+006    -1.040e+006     6.880e+006
1.800e+000    -4.570e+004     4.220e+005     1.150e+005    -1.340e+006     9.200e+005     5.850e+006
1.900e+000    -6.330e+004     4.460e+005     7.930e+004    -1.370e+006    -1.350e+006     5.880e+006
2.000e+000    -4.790e+004     4.430e+005     1.140e+005    -1.270e+006    -7.970e+003     5.960e+006
165
1.000e-001     1.010e+000     3.850e-001     1.860e+004     3.780e+001     8.800e+004    -5.060e+001
2.000e-001     5.560e+001    -1.150e+001     6.100e+004    -1.840e+002     3.200e+005    -1.360e+004
3.000e-001     6.770e+002    -1.510e+002     1.410e+005     1.990e+004     1.300e+006     3.090e+005
4.000e-001     2.890e+003    -7.840e+002     2.430e+005     1.340e+004     3.730e+006     1.300e+005
5.000e-001    -8.900e+002    -8.160e+002     4.290e+005     3.220e+002     8.600e+006     6.200e+005
6.000e-001    -5.310e+004     1.180e+004     5.440e+005    -1.260e+005     5.760e+006     1.970e+006
7.000e-001    -9.550e+004     6.920e+004     3.180e+005    -5.220e+005    -2.120e+006     2.550e+006
8.000e-001    -6.910e+004     1.290e+005    -1.830e+004    -9.770e+005    -3.100e+006     5.460e+005
9.000e-001    -6.460e+004     1.470e+005    -3.090e+004    -1.030e+006    -2.580e+006     1.410e+006
1.000e+000    -4.190e+004     1.610e+005    -2.450e+004    -1.060e+006    -7.880e+004     2.750e+006
1.100e+000    -3.650e+004     1.680e+005     4.240e+003    -1.050e+006     5.170e+005     3.030e+006
1.200e+000    -3.870e+004     1.810e+005     3.370e+004    -1.030e+006     3.570e+005     3.150e+006
1.300e+000    -3.970e+004     1.870e+005     4.610e+004    -9.520e+005     1.310e+005     3.190e+006
1.400e+000    -4.070e+004     1.950e+005     5.560e+004    -8.850e+005     2.030e+005     3.150e+006
1.500e+000    -4.550e+004     2.050e+005     5.560e+004    -8.380e+005    -6.400e+005     3.260e+006
1.600e+000    -4.530e+004     2.050e+005     7.230e+004    -7.480e+005     1.100e+005     3.210e+006
1.700e+000    -4.510e+004     2.050e+005     7.580e+004    -7.010e+005     3.010e+005     3.170e+006
1.800e+000    -4.920e+004     2.140e+005     8.350e+004    -7.010e+005    -9.120e+004     3.160e+006
1.900e+000    -5.420e+004     2.220e+005     8.660e+004    -7.180e+005     1.270e+005     3.190e+006
2.000e+000    -4.310e+004     2.050e+005     7.540e+004    -5.600e+005     3.050e+005     3.340e+006
180
1.000e-001     7.220e-001     8.310e-003     1.850e+004     5.930e-001     8.660e+004     2.850e-001
2.000e-001     5.920e+001     1.360e-001     6.060e+004     3.230e+000     3.180e+005     4.550e+000
3.000e-001     7.300e+002     6.490e-001     1.310e+005     4.130e+001     1.070e+006     1.650e+001
4.000e-001     3.020e+003     6.440e+000     2.430e+005     3.010e+002     3.920e+006     4.910e+002
5.000e-001    -1.890e+003     3.630e+001     4.350e+005     1.320e+003     9.060e+006     2.450e+003
6.000e-001    -5.610e+004     9.900e+001     5.410e+005     3.160e+003     5.850e+006     6.030e+003
7.000e-001    -8.970e+004     1.030e+002     2.800e+005     3.100e+003    -2.130e+006     5.530e+003
8.000e-001    -7.120e+004     4.060e+001    -9.550e+003     1.440e+003    -3.690e+006     2.070e+003
9.000e-001    -6.280e+004     2.730e+001    -3.670e+004     1.160e+003    -2.850e+006     1.890e+003
1.000e+000    -3.840e+004     6.020e-001    -2.780e+004     9.300e+002     2.020e+004    -4.650e+002
1.100e+000    -3.700e+004    -3.780e+001     3.060e+003     1.430e+003     3.650e+005    -8.640e+002
1.200e+000    -3.850e+004    -7.650e+001     7.500e+003    -8.590e+002    -2.020e+004    -1.110e+004
1.300e+000    -3.590e+004     2.360e+002     2.930e+004    -1.460e+003    -2.730e+004    -2.800e+004
1.400e+000    -3.900e+004     2.040e+002     3.690e+004    -1.390e+002     6.790e+003    -1.440e+004
1.500e+000    -4.280e+004    -4.090e+001     5.270e+004     1.590e+003     5.190e+004     1.300e+003
1.600e+000    -4.300e+004     5.730e+001     5.430e+004     1.480e+003     2.310e+005    -1.640e+004
1.700e+000    -4.860e+004     9.990e+001     6.160e+004     6.250e+002    -2.560e+005    -9.540e+003
1.800e+000    -3.450e+004     6.360e+002     3.200e+004     5.110e+002    -4.670e+005    -1.190e+005
1.900e+000    -6.890e+004     1.280e+004    -7.430e+004    -4.060e+004    -6.650e+006    -4.730e+005
2.000e+000    -3.910e+004     7.710e+002     6.710e+004    -2.350e+003    -6.930e+004    -7.290e+004
