13 20
0
1.000e-001    -2.400e+001    -8.490e-002     2.740e+004     4.230e+001     4.340e+005    -2.430e+000
2.000e-001     6.970e+001    -5.900e-001     9.590e+004     2.030e+002     1.940e+006    -2.060e+001
3.000e-001     1.420e+003    -6.470e-001     2.030e+005     4.620e+002     4.690e+006     4.660e+001
4.000e-001     3.780e+003    -5.480e-001     2.990e+005     7.930e+002     8.710e+006     6.280e+002
5.000e-001     4.420e+003    -3.190e+000     3.450e+005     1.290e+003     1.370e+007     2.560e+003
6.000e-001     6.440e+003    -1.600e+001     3.110e+005     1.790e+003     1.790e+007     4.920e+003
7.000e-001     0.000e+000     0.000e+000     0.000e+000     0.000e+000     0.000e+000     0.000e+000
8.000e-001     0.000e+000     0.000e+000     0.000e+000     0.000e+000     0.000e+000     0.000e+000
9.000e-001     0.000e+000     0.000e+000     0.000e+000     0.000e+000     0.000e+000     0.000e+000
1.000e+000     0.000e+000     0.000e+000     0.000e+000     0.000e+000     0.000e+000     0.000e+000
1.100e+000     0.000e+000     0.000e+000     0.000e+000     0.000e+000     0.000e+000     0.000e+000
1.200e+000     0.000e+000     0.000e+000     0.000e+000     0.000e+000     0.000e+000     0.000e+000
1.300e+000     0.000e+000     0.000e+000     0.000e+000     0.000e+000     0.000e+000     0.000e+000
1.400e+000     0.000e+000     0.000e+000     0.000e+000     0.000e+000     0.000e+000     0.000e+000
1.500e+000     0.000e+000     0.000e+000     0.000e+000     0.000e+000     0.000e+000     0.000e+000
1.600e+000     0.000e+000     0.000e+000     0.000e+000     0.000e+000     0.000e+000     0.000e+000
1.700e+000     0.000e+000     0.000e+000     0.000e+000     0.000e+000     0.000e+000     0.000e+000
1.800e+000     0.000e+000     0.000e+000     0.000e+000     0.000e+000     0.000e+000     0.000e+000
1.900e+000     0.000e+000     0.000e+000     0.000e+000     0.000e+000     0.000e+000     0.000e+000
2.000e+000     0.000e+000     0.000e+000     0.000e+000     0.000e+000     0.000e+000     0.000e+000
15
1.000e-001    -2.240e+000     1.270e+002     2.810e+004     4.040e+002     4.390e+005     1.380e+003
2.000e-001     8.780e+001     7.790e+002     9.610e+004    -1.330e+003     1.980e+006    -9.720e+004
3.000e-001     1.430e+003     2.320e+003     1.990e+005    -1.490e+004     4.770e+006    -6.910e+005
4.000e-001     3.940e+003     3.800e+003     2.850e+005    -3.590e+004     8.820e+006    -2.200e+006
5.000e-001     4.600e+003     3.860e+003     3.150e+005    -4.480e+004     1.380e+007    -4.320e+006
6.000e-001     5.490e+003     5.880e+003     2.740e+005    -4.170e+004     1.780e+007    -5.290e+006
7.000e-001     0.000e+000     0.000e+000     0.000e+000     0.000e+000     0.000e+000     0.000e+000
8.000e-001     0.000e+000     0.000e+000     0.000e+000     0.000e+000     0.000e+000     0.000e+000
9.000e-001     0.000e+000     0.000e+000     0.000e+000     0.000e+000     0.000e+000     0.000e+000
1.000e+000     0.000e+000     0.000e+000     0.000e+000     0.000e+000     0.000e+000     0.000e+000
1.100e+000     0.000e+000     0.000e+000     0.000e+000     0.000e+000     0.000e+000     0.000e+000
1.200e+000     0.000e+000     0.000e+000     0.000e+000     0.000e+000     0.000e+000     0.000e+000
1.300e+000     0.000e+000     0.000e+000     0.000e+000     0.000e+000     0.000e+000     0.000e+000
1.400e+000     0.000e+000     0.000e+000     0.000e+000     0.000e+000     0.000e+000     0.000e+000
1.500e+000     0.000e+000     0.000e+000     0.000e+000     0.000e+000     0.000e+000     0.000e+000
1.600e+000     0.000e+000     0.000e+000     0.000e+000     0.000e+000     0.000e+000     0.000e+000
1.700e+000     0.000e+000     0.000e+000     0.000e+000     0.000e+000     0.000e+000     0.000e+000
1.800e+000     0.000e+000     0.000e+000     0.000e+000     0.000e+000     0.000e+000     0.000e+000
1.900e+000     0.000e+000     0.000e+000     0.000e+000     0.000e+000     0.000e+000     0.000e+000
2.000e+000     0.000e+000     0.000e+000     0.000e+000     0.000e+000     0.000e+000     0.000e+000
30
1.000e-001     5.580e+001     2.460e+002     3.010e+004     8.540e+002     4.540e+005     8.700e+003
2.000e-001     1.310e+002     1.510e+003     9.710e+004    -2.350e+003     2.070e+006    -1.260e+005
3.000e-001     1.410e+003     4.540e+003     1.920e+005    -3.030e+004     5.000e+006    -1.030e+006
4.000e-001     4.360e+003     7.710e+003     2.600e+005    -7.930e+004     9.150e+006    -3.410e+006
5.000e-001     5.890e+003     7.430e+003     2.600e+005    -1.000e+005     1.410e+007    -6.930e+006
6.000e-001     5.230e+003     5.540e+003     2.000e+005    -8.830e+004     1.790e+007    -8.950e+006
7.000e-001     7.470e+003     1.480e+004     1.060e+005    -4.680e+004     1.800e+007    -6.160e+006
8.000e-001     0.000e+000     0.000e+000     0.000e+000     0.000e+000     0.000e+000     0.000e+000
9.000e-001     0.000e+000     0.000e+000     0.000e+000     0.000e+000     0.000e+000     0.000e+000
1.000e+000     0.000e+000     0.000e+000     0.000e+000     0.000e+000     0.000e+000     0.000e+000
1.100e+000     0.000e+000     0.000e+000     0.000e+000     0.000e+000     0.000e+000     0.000e+000
1.200e+000     0.000e+000     0.000e+000     0.000e+000     0.000e+000     0.000e+000     0.000e+000
1.300e+000     0.000e+000     0.000e+000     0.000e+000     0.000e+000     0.000e+000     0.000e+000
1.400e+000     0.000e+000     0.000e+000     0.000e+000     0.000e+000     0.000e+000     0.000e+000
1.500e+000     0.000e+000     0.000e+000     0.000e+000     0.000e+000     0.000e+000     0.000e+000
1.600e+000     0.000e+000     0.000e+000     0.000e+000     0.000e+000     0.000e+000     0.000e+000
1.700e+000     0.000e+000     0.000e+000     0.000e+000     0.000e+000     0.000e+000     0.000e+000
1.800e+000     0.000e+000     0.000e+000     0.000e+000     0.000e+000     0.000e+000     0.000e+000
1.900e+000     0.000e+000     0.000e+000     0.000e+000     0.000e+000     0.000e+000     0.000e+000
2.000e+000     0.000e+000     0.000e+000     0.000e+000     0.000e+000     0.000e+000     0.000e+000
45
1.000e-001     1.310e+002     3.490e+002     3.280e+004     1.420e+003     4.770e+005     2.480e+004
2.000e-001     1.700e+002     2.150e+003     9.960e+004    -2.730e+003     2.200e+006    -5.550e+004
3.000e-001     1.220e+003     6.480e+003     1.900e+005    -4.710e+004     5.380e+006    -8.900e+005
4.000e-001     4.370e+003     1.180e+004     2.580e+005    -1.460e+005     1.010e+007    -3.390e+006
5.000e-001     7.770e+003     1.270e+004     2.730e+005    -2.130e+005     1.590e+007    -7.770e+006
6.000e-001     8.570e+003     6.010e+003     2.070e+005    -1.500e+005     1.940e+007    -1.130e+007
7.000e-001     8.690e+003    -1.310e+003     1.060e+005    -1.120e+005     1.900e+007    -1.070e+007
8.000e-001     1.180e+004     3.520e+003     3.760e+004    -1.260e+005     1.530e+007    -6.010e+006
9.000e-001     0.000e+000     0.000e+000     0.000e+000     0.000e+000     0.000e+000     0.000e+000
1.000e+000     0.000e+000     0.000e+000     0.000e+000     0.000e+000     0.000e+000     0.000e+000
1.100e+000     0.000e+000     0.000e+000     0.000e+000     0.000e+000     0.000e+000     0.000e+000
1.200e+000     0.000e+000     0.000e+000     0.000e+000     0.000e+000     0.000e+000     0.000e+000
1.300e+000     0.000e+000     0.000e+000     0.000e+000     0.000e+000     0.000e+000     0.000e+000
1.400e+000     0.000e+000     0.000e+000     0.000e+000     0.000e+000     0.000e+000     0.000e+000
1.500e+000     0.000e+000     0.000e+000     0.000e+000     0.000e+000     0.000e+000     0.000e+000
1.600e+000     0.000e+000     0.000e+000     0.000e+000     0.000e+000     0.000e+000     0.000e+000
1.700e+000     0.000e+000     0.000e+000     0.000e+000     0.000e+000     0.000e+000     0.000e+000
1.800e+000     0.000e+000     0.000e+000     0.000e+000     0.000e+000     0.000e+000     0.000e+000
1.900e+000     0.000e+000     0.000e+000     0.000e+000     0.000e+000     0.000e+000     0.000e+000
2.000e+000     0.000e+000     0.000e+000     0.000e+000     0.000e+000     0.000e+000     0.000e+000
60
1.000e-001     2.010e+002     4.260e+002     3.540e+004     2.050e+003     5.020e+005     4.830e+004
2.000e-001     1.820e+002     2.620e+003     1.040e+005    -2.790e+003     2.360e+006     9.430e+004
3.000e-001     6.720e+002     7.750e+003     2.020e+005    -6.580e+004     5.950e+006    -4.470e+005
4.000e-001     1.140e+003     1.140e+004     6.540e+005    -3.100e+005     2.500e+007    -4.590e+006
5.000e-001     1.340e+004     3.700e+004     1.100e+006    -2.130e+005     2.720e+007     2.070e+006
6.000e-001     1.530e+004     3.470e+004     6.320e+005    -4.060e+005     2.120e+007    -9.540e+005
7.000e-001     1.450e+004     2.020e+004     5.080e+005    -5.080e+005     2.290e+007    -1.900e+006
8.000e-001     1.190e+004    -9.890e+002     4.130e+005    -6.800e+005     2.360e+007    -2.000e+006
9.000e-001     1.200e+004    -1.440e+004     4.190e+005    -9.900e+005     2.550e+007    -1.900e+006
1.000e+000     1.620e+004    -1.610e+004    -8.460e+004    -5.860e+004     5.380e+006    -3.700e+006
1.100e+000     1.540e+004    -1.240e+004    -9.020e+004    -4.970e+004     5.510e+006    -3.760e+006
1.200e+000     1.660e+004    -1.060e+004    -2.810e+004     8.030e+004     6.450e+006    -3.970e+006
1.300e+000     2.030e+004     1.900e+003     6.610e+004     5.400e+004     8.910e+006    -2.290e+006
1.400e+000     0.000e+000     0.000e+000     0.000e+000     0.000e+000     0.000e+000     0.000e+000
1.500e+000     0.000e+000     0.000e+000     0.000e+000     0.000e+000     0.000e+000     0.000e+000
1.600e+000     0.000e+000     0.000e+000     0.000e+000     0.000e+000     0.000e+000     0.000e+000
1.700e+000     0.000e+000     0.000e+000     0.000e+000     0.000e+000     0.000e+000     0.000e+000
1.800e+000     0.000e+000     0.000e+000     0.000e+000     0.000e+000     0.000e+000     0.000e+000
1.900e+000     0.000e+000     0.000e+000     0.000e+000     0.000e+000     0.000e+000     0.000e+000
2.000e+000     0.000e+000     0.000e+000     0.000e+000     0.000e+000     0.000e+000     0.000e+000
75
1.000e-001     2.460e+002     4.710e+002     3.720e+004     2.610e+003     5.240e+005     7.420e+004
2.000e-001     1.660e+002     2.860e+003     1.100e+005    -2.730e+003     2.510e+006     2.690e+005
3.000e-001    -2.280e+002     7.500e+003     2.360e+005    -8.280e+004     7.250e+006    -2.390e+005
4.000e-001     1.220e+003     2.140e+004     4.180e+005    -2.220e+005     9.830e+006     2.080e+006
5.000e-001     4.090e+002     3.490e+004     3.940e+005    -4.750e+005     1.080e+007     1.290e+006
6.000e-001     1.120e+003     4.850e+004     3.580e+005    -6.380e+005     1.110e+007     1.380e+006
7.000e-001     6.410e+003     5.750e+004     3.020e+005    -6.190e+005     1.200e+007     1.760e+006
8.000e-001     1.550e+004     6.230e+004     2.420e+005    -4.510e+005     1.400e+007     1.730e+006
9.000e-001     2.350e+004     6.770e+004     1.820e+005    -2.990e+005     1.530e+007     8.700e+005
1.000e+000     2.750e+004     7.820e+004     1.250e+005    -3.960e+005     1.420e+007    -5.480e+005
1.100e+000     2.790e+004     8.940e+004     8.690e+004    -8.560e+005     1.020e+007    -1.790e+006
1.200e+000     2.460e+004     8.580e+004     7.460e+004    -1.440e+006     5.560e+006    -2.350e+006
1.300e+000     1.700e+004     5.570e+004     6.630e+004    -1.620e+006     3.840e+006    -2.610e+006
1.400e+000     1.050e+004     1.430e+004     3.580e+004    -1.050e+006     5.900e+006    -3.110e+006
1.500e+000     1.400e+004    -3.540e+003     2.140e+003    -2.100e+005     7.450e+006    -3.240e+006
1.600e+000     2.460e+004     1.000e+004     1.140e+004    -1.550e+004     5.160e+006    -2.270e+006
1.700e+000     2.780e+004     1.730e+004     5.350e+004    -3.960e+005     3.170e+006    -1.340e+006
1.800e+000     2.290e+004     1.370e+003     7.890e+004    -3.490e+005     5.100e+006    -1.660e+006
1.900e+000     2.220e+004    -5.990e+003     8.330e+004     6.060e+004     6.200e+006    -1.790e+006
2.000e+000     2.470e+004    -2.230e+003     7.220e+004     1.060e+005     4.440e+006    -1.040e+006
90
1.000e-001     2.570e+002     4.810e+002     3.780e+004     3.000e+003     5.370e+005     9.630e+004
2.000e-001     1.600e+002     2.810e+003     1.160e+005    -2.550e+003     2.640e+006     4.070e+005
3.000e-001     9.640e+003    -2.430e+004     2.170e+007    -7.720e+004     6.230e+008    -2.920e+007
4.000e-001    -3.100e+003     1.350e+004     3.620e+005    -2.540e+005     9.610e+006     2.430e+006
5.000e-001    -9.660e+003     2.000e+004     4.140e+005    -4.440e+005     1.150e+007     3.090e+006
6.000e-001    -1.230e+004     2.590e+004     4.930e+005    -5.330e+005     1.500e+007     4.300e+006
7.000e-001    -1.050e+004     3.930e+004     6.180e+005    -6.240e+005     2.260e+007     4.900e+006
8.000e-001    -9.040e+003     1.070e+005     8.060e+005    -1.110e+006     3.630e+007     2.390e+006
9.000e-001     1.890e+004     4.260e+005     9.710e+005    -3.150e+006     5.420e+007    -6.920e+006
1.000e+000     1.590e+004     7.610e+005     4.880e+005    -4.960e+006     3.290e+007    -8.810e+006
1.100e+000    -1.260e+003     7.670e+005     2.830e+005    -4.540e+006     1.700e+007    -5.180e+006
1.200e+000    -8.670e+003     7.620e+005     2.370e+005    -4.090e+006     1.130e+007    -2.420e+006
1.300e+000    -1.210e+004     7.780e+005     2.490e+005    -3.770e+006     9.020e+006    -3.490e+005
1.400e+000    -1.400e+004     7.890e+005     2.570e+005    -3.600e+006     7.940e+006     1.050e+006
1.500e+000    -1.300e+004     7.970e+005     2.380e+005    -3.420e+006     7.070e+006     2.020e+006
1.600e+000    -1.420e+004     8.280e+005     2.710e+005    -2.920e+006     7.430e+006     2.650e+006
1.700e+000    -1.310e+004     8.250e+005     2.860e+005    -3.140e+006     7.470e+006     2.930e+006
1.800e+000    -1.200e+004     8.250e+005     2.890e+005    -3.060e+006     7.650e+006     3.070e+006
1.900e+000    -8.710e+003     8.190e+005     9.290e+004    -2.950e+006     3.020e+006     8.030e+005
2.000e+000    -1.100e+004     8.220e+005     3.020e+005    -2.840e+006     8.170e+006     2.640e+006
105
1.000e-001     2.330e+002     4.570e+002     3.700e+004     3.130e+003     5.390e+005     1.090e+005
2.000e-001     2.290e+002     2.500e+003     1.200e+005    -2.080e+003     2.740e+006     4.670e+005
3.000e-001     4.670e+002     5.180e+003     2.830e+005    -7.430e+004     7.070e+006     2.690e+006
4.000e-001    -1.570e+003     8.960e+002     3.710e+005    -1.740e+005     1.080e+007     2.350e+006
5.000e-001     1.650e+003    -1.610e+004     5.390e+005    -1.290e+005     1.490e+007     2.720e+006
6.000e-001     1.590e+004    -4.680e+004     9.510e+005     3.220e+003     2.530e+007     2.460e+006
7.000e-001     2.480e+004     3.850e+005     2.150e+006    -2.190e+006     6.850e+007    -1.120e+006
8.000e-001    -6.170e+004     1.060e+006     8.240e+005    -4.900e+006     3.450e+007    -9.640e+006
9.000e-001    -5.770e+004     8.800e+005     3.420e+005    -3.640e+006     1.020e+007    -4.850e+006
1.000e+000    -4.890e+004     8.220e+005     2.750e+005    -3.190e+006     4.450e+006     3.300e+005
1.100e+000    -4.760e+004     8.910e+005     2.590e+005    -3.110e+006     3.540e+006     4.180e+006
1.200e+000    -4.380e+004     9.630e+005     2.580e+005    -3.130e+006     4.460e+006     5.620e+006
1.300e+000    -4.190e+004     9.970e+005     2.700e+005    -2.670e+006     6.440e+006     5.290e+006
1.400e+000    -3.700e+004     1.040e+006     2.690e+005    -2.950e+006     6.950e+006     4.680e+006
1.500e+000    -3.250e+004     1.030e+006     3.010e+005    -2.830e+006     8.640e+006     4.520e+006
1.600e+000    -3.840e+004     1.060e+006     2.980e+005    -2.770e+006     7.810e+006     4.360e+006
1.700e+000    -4.160e+006     1.690e+006    -2.400e+007    -5.010e+006    -1.240e+009     8.150e+006
1.800e+000    -4.720e+004     1.080e+006     3.030e+005    -2.730e+006     7.660e+006     4.730e+006
1.900e+000    -1.050e+005     1.160e+006    -1.530e+005    -3.050e+006    -1.550e+007    -5.300e+005
2.000e+000    -5.300e+004     1.140e+006     2.940e+005    -2.690e+006     7.530e+006     2.200e+006
120
1.000e-001     1.850e+002     4.030e+002     3.500e+004     2.950e+003     5.290e+005     1.090e+005
2.000e-001     4.220e+002     1.980e+003     1.210e+005    -1.300e+003     2.830e+006     4.380e+005
3.000e-001     2.520e+003     9.970e+002     2.610e+005    -5.310e+004     7.460e+006     1.920e+006
4.000e-001     7.590e+003    -1.150e+004     4.050e+005    -5.250e+004     1.190e+007     1.720e+006
5.000e-001     2.380e+004    -4.620e+004     7.990e+005     6.180e+004     1.630e+007     1.820e+006
6.000e-001    -3.380e+004     2.300e+005     2.430e+006    -1.210e+006     5.160e+007     4.970e+006
7.000e-001    -1.950e+005     9.210e+005     6.880e+005    -3.040e+006     2.510e+007    -4.230e+006
8.000e-001    -1.080e+005     7.250e+005     1.260e+005    -2.410e+006     1.550e+006     3.330e+006
9.000e-001    -7.230e+004     8.080e+005     1.250e+005    -2.670e+006     2.960e+006     7.620e+006
1.000e+000    -5.880e+004     9.110e+005     1.750e+005    -2.870e+006     6.160e+006     7.110e+006
1.100e+000    -5.650e+004     9.130e+005     2.050e+005    -2.670e+006     7.400e+006     5.610e+006
1.200e+000    -6.100e+004     9.800e+005     2.060e+005    -2.560e+006     6.500e+006     6.270e+006
1.300e+000    -7.140e+004     9.780e+005     2.040e+005    -2.360e+006     5.830e+006     7.620e+006
1.400e+000    -3.750e+005     1.180e+006    -1.610e+006    -2.530e+006    -8.930e+007     1.310e+007
1.500e+000    -7.270e+004     1.070e+006     2.500e+005    -2.380e+006     6.850e+006     5.860e+006
1.600e+000    -8.610e+004     1.050e+006     2.370e+005    -2.370e+006     5.400e+006     6.200e+006
1.700e+000    -9.590e+004     1.020e+006     1.900e+005    -2.210e+006     2.770e+006     4.200e+006
1.800e+000    -1.370e+005     9.840e+005     1.110e+005    -2.330e+006    -2.600e+006     2.610e+006
1.900e+000    -1.410e+005     1.080e+006     6.870e+004    -2.150e+006    -4.250e+006     3.510e+006
2.000e+000    -1.560e+005     9.900e+005     1.410e+005    -2.330e+006    -2.190e+006     5.590e+006
135
1.000e-001     1.250e+002     3.240e+002     3.230e+004     2.510e+003     5.120e+005     9.630e+004
2.000e-001     7.330e+002     1.380e+003     1.190e+005    -4.170e+002     2.890e+006     3.410e+005
3.000e-001     5.800e+003    -1.790e+003     2.530e+005    -2.860e+004     8.000e+006     1.340e+006
4.000e-001     1.920e+004    -1.800e+004     4.680e+005     2.180e+004     1.200e+007     1.100e+006
5.000e-001     9.290e+003    -2.590e+004     1.260e+006    -1.430e+005     1.530e+007     2.500e+006
6.000e-001    -3.490e+005     7.650e+005     1.910e+006    -1.890e+006     5.290e+007     1.350e+006
7.000e-001    -1.650e+005     6.060e+005     4.660e+004    -1.760e+006     1.210e+006     3.830e+006
8.000e-001    -7.460e+004     6.460e+005    -2.880e+004    -2.160e+006     3.130e+006     6.970e+006
9.000e-001    -7.280e+004     7.050e+005     9.600e+004    -2.210e+006     6.050e+006     6.100e+006
1.000e+000    -7.450e+004     7.330e+005     1.180e+005    -2.040e+006     5.270e+006     6.720e+006
1.100e+000    -8.350e+004     6.680e+005    -1.720e+005    -1.480e+006    -5.950e+006     9.330e+006
1.200e+000    -7.300e+004     7.750e+005     1.660e+005    -1.880e+006     5.420e+006     7.540e+006
1.300e+000    -3.990e+006     2.800e+006    -2.740e+007    -7.390e+006    -1.220e+009    -1.200e+008
1.400e+000    -8.920e+004     7.760e+005     1.830e+005    -1.780e+006     4.360e+006     6.150e+006
1.500e+000    -9.500e+004     8.180e+005     1.660e+005    -1.760e+006     2.380e+006     7.280e+006
1.600e+000    -1.140e+005     7.600e+005     1.280e+005    -1.750e+006    -1.440e+005     4.040e+006
1.700e+000    -1.280e+005     7.810e+005     1.180e+005    -1.650e+006    -1.040e+006     2.910e+006
1.800e+000    -1.740e+005     7.710e+005     7.460e+004    -1.720e+006    -5.130e+006     2.570e+006
1.900e+000    -2.150e+005     7.430e+005     7.190e+004    -2.060e+006    -7.090e+006    -7.730e+005
2.000e+000    -4.700e+005     8.410e+005    -7.070e+005    -2.800e+006    -6.220e+007     6.020e+005
150
1.000e-001     7.070e+001     2.260e+002     2.960e+004     1.820e+003     4.930e+005     7.140e+004
2.000e-001     1.080e+003     8.220e+002     1.160e+005     2.100e+002     2.920e+006     2.160e+005
3.000e-001     9.130e+003    -2.650e+003     2.470e+005    -1.070e+004     8.340e+006     8.220e+005
4.000e-001     2.530e+004    -1.640e+004     5.420e+005     2.890e+004     1.110e+007     7.290e+005
5.000e-001    -7.230e+004     3.970e+004     1.960e+006    -3.840e+005     1.850e+007     3.930e+006
6.000e-001    -3.250e+005     4.690e+005     5.100e+005    -9.710e+005     1.580e+007     9.330e+005
7.000e-001    -1.100e+005     4.070e+005    -3.720e+004    -1.320e+006     2.960e+005     5.260e+006
8.000e-001    -8.220e+004     4.410e+005     4.220e+004    -1.350e+006     5.110e+006     4.990e+006
9.000e-001    -8.160e+004     5.200e+005    -6.960e+004    -1.490e+006     1.100e+006     4.650e+006
1.000e+000    -8.060e+004     5.030e+005     5.990e+004    -1.240e+006     3.280e+006     6.010e+006
1.100e+000    -7.730e+004     5.260e+005     1.100e+005    -1.260e+006     4.270e+006     6.300e+006
1.200e+000    -1.090e+005     5.690e+005     5.480e+004    -1.410e+006    -8.150e+005     2.040e+006
1.300e+000    -1.730e+006     1.360e+006    -9.580e+006    -2.400e+005    -4.940e+008    -5.000e+007
1.400e+000    -1.210e+005     5.050e+005    -2.020e+005    -1.070e+006    -1.680e+007     4.570e+006
1.500e+000    -1.280e+005     4.820e+005     4.930e+004    -1.120e+006    -3.020e+006     2.690e+006
1.600e+000    -1.350e+005     5.500e+005     8.040e+004    -1.240e+006    -3.660e+006     4.390e+006
1.700e+000    -1.860e+005     5.090e+005     7.680e+003    -1.260e+006    -9.130e+006     3.550e+006
1.800e+000    -3.430e+005     4.440e+005    -2.710e+005    -1.170e+006    -2.850e+007     3.050e+006
1.900e+000    -1.350e+006    -8.520e+004    -1.550e+006    -4.440e+006    -1.210e+008     6.000e+007
2.000e+000    -1.370e+006    -1.610e+005    -1.090e+006    -1.900e+006    -1.090e+008    -1.050e+007
165
1.000e-001     3.260e+001     1.160e+002     2.760e+004     9.770e+002     4.780e+005     3.790e+004
2.000e-001     1.360e+003     3.700e+002     1.130e+005     3.910e+002     2.940e+006     9.820e+004
3.000e-001     1.150e+004    -1.810e+003     2.430e+005    -2.170e+003     8.490e+006     3.850e+005
4.000e-001     2.500e+004    -9.120e+003     6.020e+005     1.190e+004     9.860e+006     4.100e+005
5.000e-001    -1.880e+005     6.450e+004     2.540e+006    -2.840e+005     2.720e+007     3.050e+006
6.000e-001    -2.670e+005     2.160e+005     1.300e+005    -4.840e+005     3.870e+006     1.280e+006
7.000e-001    -1.010e+005     2.180e+005    -1.750e+004    -7.430e+005     2.130e+006     2.900e+006
8.000e-001    -8.700e+004     2.470e+005     5.980e+004    -7.840e+005     4.800e+006     2.410e+006
9.000e-001    -8.380e+004     2.550e+005     4.580e+004    -6.900e+005     3.310e+006     3.210e+006
1.000e+000    -7.710e+004     2.630e+005     7.660e+004    -6.430e+005     3.430e+006     3.360e+006
1.100e+000    -1.560e+005     2.660e+005    -3.200e+005    -6.760e+005    -1.710e+007     2.850e+006
1.200e+000    -9.010e+004     2.750e+005     9.800e+004    -6.370e+005     1.610e+006     2.980e+006
1.300e+000    -9.360e+004     2.780e+005     1.100e+005    -5.850e+005     1.500e+006     3.040e+006
1.400e+000    -1.000e+005     2.780e+005     7.720e+004    -5.910e+005    -1.680e+006     2.730e+006
1.500e+000    -1.160e+005     2.600e+005     6.900e+004    -6.050e+005    -2.600e+006     1.680e+006
1.600e+000    -1.680e+005     2.560e+005    -1.340e+003    -6.040e+005    -8.610e+006     2.580e+006
1.700e+000    -2.230e+005     2.650e+005    -8.820e+004    -6.010e+005    -1.630e+007     2.360e+006
1.800e+000    -1.300e+005     2.080e+005     1.220e+005    -6.170e+005    -5.620e+006     2.660e+005
1.900e+000    -1.780e+005     1.740e+005     1.230e+005    -6.670e+005    -7.140e+006    -5.020e+006
2.000e+000    -2.460e+005     1.400e+005     2.040e+005    -6.530e+005    -6.970e+006     8.790e+005
180
1.000e-001     1.900e+001    -3.030e-002     2.690e+004     4.810e+001     4.730e+005     1.440e+001
2.000e-001     1.470e+003    -1.070e-001     1.110e+005     2.240e+002     2.940e+006     1.260e+002
3.000e-001     1.230e+004    -2.700e+000     2.410e+005     2.520e+002     8.530e+006     8.340e+001
4.000e-001     2.380e+004     2.090e+001     6.250e+005     9.430e+002     9.330e+006     2.270e+003
5.000e-001    -2.410e+005     4.810e+002     2.720e+006     9.570e+003     3.150e+007     2.700e+004
6.000e-001    -2.470e+005     1.210e+002     5.670e+004     1.810e+003     1.580e+006     3.870e+003
7.000e-001    -9.270e+004     4.480e+002    -1.620e+004    -9.270e+002     2.310e+006     6.710e+003
8.000e-001    -8.470e+004    -1.190e+001     3.930e+004     4.370e+003     4.730e+006    -1.100e+004
9.000e-001    -7.510e+004     1.340e+002     2.500e+004     4.170e+003     2.500e+006    -1.200e+004
1.000e+000    -9.260e+004     1.310e+004    -2.090e+005    -5.060e+004    -6.600e+006    -6.510e+005
1.100e+000    -1.170e+005     2.990e+004    -8.210e+004    -1.100e+005    -6.420e+006    -1.470e+006
1.200e+000    -8.470e+004     4.430e+003     8.020e+004    -4.000e+002     9.750e+005    -2.890e+005
1.300e+000    -1.110e+005     3.360e+003     1.200e+004    -8.520e+003    -4.140e+006    -3.880e+005
1.400e+000    -1.190e+005    -4.040e+003     3.800e+004     1.280e+003    -2.880e+006    -5.370e+005
1.500e+000    -1.180e+005    -3.450e+003     4.980e+004     1.640e+003    -3.920e+006    -1.420e+005
1.600e+000    -1.630e+005    -3.570e+003     2.920e+003     1.410e+004    -8.880e+006     3.460e+005
1.700e+000    -2.790e+005    -8.780e+003    -2.090e+005     2.580e+004    -2.440e+007    -6.100e+005
1.800e+000    -3.330e+005     6.610e+004     1.590e+003    -1.970e+005    -1.510e+007     1.580e+006
1.900e+000    -5.180e+005     1.540e+004    -1.180e+005     1.880e+004    -2.610e+007    -6.100e+006
2.000e+000    -2.590e+005    -4.780e+004     2.710e+005    -2.960e+005     4.440e+005     1.650e+006
