13 20
0
1.000e-001    -6.920e-001    -5.280e-002     2.110e+004     9.270e+000     1.640e+005    -3.110e+000
2.000e-001     1.250e+002    -3.620e-002     6.890e+004     4.640e+001     6.960e+005    -1.910e+001
3.000e-001     1.370e+003     7.740e-001     1.430e+005     1.310e+002     2.030e+006    -2.010e+001
4.000e-001     4.730e+003     3.430e+000     2.090e+005     3.360e+002     5.250e+006    -3.300e+001
5.000e-001     7.500e+003     5.100e+000     2.450e+005     5.570e+002     1.100e+007    -2.690e+003
6.000e-001     6.450e+003    -1.430e+000     2.360e+005     1.460e+003     1.510e+007     4.390e+003
7.000e-001     5.750e+003    -2.420e+001     1.500e+005     3.450e+003     1.180e+007     2.610e+003
8.000e-001     7.820e+003    -3.540e+001     6.070e+004     6.130e+002     7.210e+006     2.390e+003
9.000e-001     1.020e+004    -5.290e+001     1.070e+005     3.480e+002     9.210e+006     3.770e+003
1.000e+000     1.270e+004    -7.390e+001     1.280e+005     3.300e+001     9.140e+006     5.070e+003
1.100e+000     1.540e+004    -9.900e+001     1.440e+005    -3.780e+002     9.530e+006     7.010e+003
1.200e+000     0.000e+000     0.000e+000     0.000e+000     0.000e+000     0.000e+000     0.000e+000
1.300e+000     0.000e+000     0.000e+000     0.000e+000     0.000e+000     0.000e+000     0.000e+000
1.400e+000     0.000e+000     0.000e+000     0.000e+000     0.000e+000     0.000e+000     0.000e+000
1.500e+000     0.000e+000     0.000e+000     0.000e+000     0.000e+000     0.000e+000     0.000e+000
1.600e+000     0.000e+000     0.000e+000     0.000e+000     0.000e+000     0.000e+000     0.000e+000
1.700e+000     0.000e+000     0.000e+000     0.000e+000     0.000e+000     0.000e+000     0.000e+000
1.800e+000     0.000e+000     0.000e+000     0.000e+000     0.000e+000     0.000e+000     0.000e+000
1.900e+000     0.000e+000     0.000e+000     0.000e+000     0.000e+000     0.000e+000     0.000e+000
2.000e+000     0.000e+000     0.000e+000     0.000e+000     0.000e+000     0.000e+000     0.000e+000
15
1.000e-001     8.480e+000     2.750e+001     2.140e+004     3.780e+001     1.710e+005    -5.700e+003
2.000e-001     1.220e+002     1.460e+002     6.840e+004    -1.240e+003     7.080e+005    -7.090e+004
3.000e-001     1.310e+003     5.490e+002     1.410e+005    -7.720e+003     2.030e+006    -3.940e+005
4.000e-001     4.590e+003     9.640e+002     2.180e+005    -8.460e+003     5.540e+006    -1.720e+006
5.000e-001     1.660e+004     1.510e+004     8.950e+006    -1.460e+006     2.460e+008     2.360e+007
6.000e-001     6.670e+003     6.110e+002     3.450e+005    -4.260e+005     1.800e+007    -4.330e+005
7.000e-001     5.630e+003    -2.150e+003     1.580e+005    -1.750e+005     1.250e+007    -2.160e+006
8.000e-001     7.510e+003    -1.290e+003     5.090e+005    -4.830e+005     2.020e+007    -3.590e+006
9.000e-001     1.010e+004    -2.170e+003     1.190e+005     1.730e+005     9.800e+006    -1.560e+006
1.000e+000     1.240e+004    -1.840e+003     1.260e+005     5.880e+004     9.480e+006    -7.510e+005
1.100e+000     1.490e+004    -2.900e+003     1.300e+005     1.310e+004     9.080e+006    -8.880e+005
1.200e+000     0.000e+000     0.000e+000     0.000e+000     0.000e+000     0.000e+000     0.000e+000
1.300e+000     0.000e+000     0.000e+000     0.000e+000     0.000e+000     0.000e+000     0.000e+000
1.400e+000     0.000e+000     0.000e+000     0.000e+000     0.000e+000     0.000e+000     0.000e+000
1.500e+000     0.000e+000     0.000e+000     0.000e+000     0.000e+000     0.000e+000     0.000e+000
1.600e+000     0.000e+000     0.000e+000     0.000e+000     0.000e+000     0.000e+000     0.000e+000
1.700e+000     0.000e+000     0.000e+000     0.000e+000     0.000e+000     0.000e+000     0.000e+000
1.800e+000     0.000e+000     0.000e+000     0.000e+000     0.000e+000     0.000e+000     0.000e+000
1.900e+000     0.000e+000     0.000e+000     0.000e+000     0.000e+000     0.000e+000     0.000e+000
2.000e+000     0.000e+000     0.000e+000     0.000e+000     0.000e+000     0.000e+000     0.000e+000
30
1.000e-001     3.310e+001     5.300e+001     2.220e+004     1.380e+002     1.880e+005    -6.950e+003
2.000e-001     1.110e+002     2.710e+002     6.740e+004    -2.180e+003     7.410e+005    -1.080e+005
3.000e-001     1.110e+003     1.020e+003     1.370e+005    -1.650e+004     2.080e+006    -6.760e+005
4.000e-001     3.940e+003     1.210e+003     3.760e+005    -4.590e+004     1.040e+007    -4.830e+006
5.000e-001     8.540e+003     6.010e+003     4.550e+005    -2.010e+005     1.470e+007     1.660e+006
6.000e-001     7.750e+003     1.550e+003     2.740e+005    -3.380e+005     1.520e+007    -2.260e+006
7.000e-001     5.740e+003    -4.030e+003     1.250e+005    -3.090e+005     1.250e+007    -4.130e+006
8.000e-001     7.500e+003    -3.530e+003     3.600e+004     4.680e+004     8.090e+006    -2.290e+006
9.000e-001     1.030e+004    -2.700e+003     4.200e+005    -6.390e+004     1.720e+007     2.060e+005
1.000e+000     1.560e+004     2.940e+003     4.700e+006     1.840e+006     1.400e+008    -1.820e+006
1.100e+000     1.340e+004    -3.530e+003     1.220e+005     6.910e+004     9.130e+006    -1.030e+006
1.200e+000     1.610e+004    -6.780e+003     1.240e+005     1.360e+004     8.880e+006    -1.520e+006
1.300e+000     1.740e+004    -4.890e+003     1.360e+005     1.420e+004     8.870e+006    -1.060e+006
1.400e+000     0.000e+000     0.000e+000     0.000e+000     0.000e+000     0.000e+000     0.000e+000
1.500e+000     0.000e+000     0.000e+000     0.000e+000     0.000e+000     0.000e+000     0.000e+000
1.600e+000     0.000e+000     0.000e+000     0.000e+000     0.000e+000     0.000e+000     0.000e+000
1.700e+000     0.000e+000     0.000e+000     0.000e+000     0.000e+000     0.000e+000     0.000e+000
1.800e+000     0.000e+000     0.000e+000     0.000e+000     0.000e+000     0.000e+000     0.000e+000
1.900e+000     0.000e+000     0.000e+000     0.000e+000     0.000e+000     0.000e+000     0.000e+000
2.000e+000     0.000e+000     0.000e+000     0.000e+000     0.000e+000     0.000e+000     0.000e+000
45
1.000e-001     6.580e+001     7.440e+001     2.340e+004     3.370e+002     2.110e+005    -1.520e+003
2.000e-001     9.410e+001     3.590e+002     6.710e+004    -2.560e+003     7.870e+005    -9.620e+004
3.000e-001     7.760e+002     1.330e+003     1.370e+005    -2.710e+004     2.230e+006    -8.300e+005
4.000e-001     8.320e+003     9.700e+003     2.160e+006     1.890e+005     5.280e+007     1.120e+007
5.000e-001     8.370e+003     8.870e+003     3.200e+005    -8.570e+004     9.270e+006     3.630e+005
6.000e-001     9.670e+003     6.610e+003     2.580e+005    -2.080e+005     1.230e+007    -2.210e+006
7.000e-001     7.110e+003    -1.680e+003     1.270e+005    -3.270e+005     1.180e+007    -4.500e+006
8.000e-001     6.370e+003    -6.750e+003    -1.810e+004    -2.840e+005     7.820e+006    -4.620e+006
9.000e-001     9.620e+003    -4.230e+003    -2.600e+004    -1.020e+004     6.650e+006    -2.480e+006
1.000e+000     1.190e+004    -4.950e+003     8.580e+004     2.200e+004     8.500e+006    -1.830e+006
1.100e+000     1.350e+004    -1.080e+004     9.960e+004    -1.210e+005     7.500e+006    -2.540e+006
1.200e+000     1.480e+004    -8.410e+003     5.900e+004     3.090e+004     6.160e+006    -1.780e+006
1.300e+000     1.600e+004    -8.610e+003     1.350e+005    -6.950e+004     7.950e+006    -1.730e+006
1.400e+000     1.660e+004    -6.600e+003     1.200e+005     3.780e+004     8.270e+006    -9.830e+005
1.500e+000     1.880e+004    -9.110e+003     1.260e+005     1.960e+004     7.930e+006    -1.200e+006
1.600e+000     1.900e+004    -7.130e+003     1.330e+005     1.720e+004     8.200e+006    -8.290e+005
1.700e+000     0.000e+000     0.000e+000     0.000e+000     0.000e+000     0.000e+000     0.000e+000
1.800e+000     0.000e+000     0.000e+000     0.000e+000     0.000e+000     0.000e+000     0.000e+000
1.900e+000     0.000e+000     0.000e+000     0.000e+000     0.000e+000     0.000e+000     0.000e+000
2.000e+000     0.000e+000     0.000e+000     0.000e+000     0.000e+000     0.000e+000     0.000e+000
60
1.000e-001     9.640e+001     8.990e+001     2.470e+004     6.230e+002     2.340e+005     9.660e+003
2.000e-001     7.400e+001     4.030e+002     6.830e+004    -2.360e+003     8.370e+005    -4.450e+004
3.000e-001     3.260e+002     1.370e+003     1.480e+005    -4.180e+004     2.660e+006    -1.020e+006
4.000e-001     3.170e+003     6.540e+003     3.250e+005     3.340e+004     5.530e+006     2.690e+006
5.000e-001     6.470e+003     1.270e+004     3.050e+005    -5.710e+004     6.740e+006     9.800e+005
6.000e-001     1.060e+004     1.740e+004     3.000e+005    -1.050e+005     9.580e+006    -2.700e+005
7.000e-001     1.260e+004     1.640e+004     2.320e+005    -1.490e+005     1.120e+007    -1.750e+006
8.000e-001     1.150e+004     1.690e+004     1.090e+005    -3.770e+005     9.800e+006    -2.920e+006
9.000e-001     1.040e+004     2.970e+004    -3.270e+003    -8.850e+005     7.290e+006    -3.220e+006
1.000e+000     1.130e+004     4.020e+004    -2.130e+004    -1.130e+006     8.010e+006    -3.040e+006
1.100e+000     1.200e+004     2.170e+004     3.300e+004    -5.380e+005     9.970e+006    -3.450e+006
1.200e+000     1.530e+004    -5.760e+003     5.510e+004     5.130e+004     7.490e+006    -3.770e+006
1.300e+000     1.910e+004    -6.390e+003     3.780e+004    -1.320e+005     5.210e+006    -2.650e+006
1.400e+000     1.800e+004    -2.920e+003     5.730e+004    -6.060e+004     6.490e+006    -2.020e+006
1.500e+000     1.840e+004    -9.000e+003     8.150e+004     6.340e+004     5.410e+006    -2.120e+006
1.600e+000     1.840e+004    -7.380e+003     7.270e+004     2.870e+004     5.240e+006    -1.360e+006
1.700e+000     1.850e+004    -6.820e+003     8.780e+004     7.950e+004     5.470e+006    -1.230e+006
1.800e+000     1.880e+004    -8.170e+003     8.930e+004     4.530e+004     5.400e+006    -8.970e+005
1.900e+000     1.900e+004    -6.280e+003     9.440e+004     5.760e+004     5.810e+006    -7.060e+005
2.000e+000     1.950e+004    -6.740e+003     9.900e+004     3.600e+004     6.150e+006    -5.440e+005
75
1.000e-001     1.170e+002     9.850e+001     2.570e+004     9.160e+002     2.510e+005     2.320e+004
2.000e-001     5.730e+001     4.020e+002     7.110e+004    -1.750e+003     8.810e+005     1.980e+004
3.000e-001    -1.470e+002     9.010e+002     2.030e+005    -7.310e+004     4.410e+006    -1.990e+006
4.000e-001     9.770e+002     5.470e+003     2.700e+005     7.900e+002     3.940e+006     2.340e+006
5.000e-001     1.960e+003     1.330e+004     3.290e+005    -7.860e+004     5.900e+006     2.260e+006
6.000e-001     4.790e+003     2.620e+004     3.760e+005    -1.470e+005     8.810e+006     2.480e+006
7.000e-001     1.110e+004     4.370e+004     4.030e+005    -1.720e+005     1.270e+007     2.550e+006
8.000e-001     2.090e+004     7.220e+004     4.140e+005    -2.260e+005     1.740e+007     1.980e+006
9.000e-001     3.590e+004     1.300e+005     3.980e+005    -5.140e+005     2.160e+007    -1.320e+004
1.000e+000     5.450e+004     2.100e+005     3.470e+005    -9.310e+005     2.130e+007    -2.870e+006
1.100e+000     7.240e+004     2.610e+005     3.470e+005    -1.080e+006     2.050e+007    -3.790e+006
1.200e+000     8.430e+004     2.940e+005     4.530e+005    -1.680e+006     2.840e+007    -3.820e+006
1.300e+000     6.650e+004     3.250e+005     4.540e+005    -2.750e+006     2.930e+007    -3.780e+006
1.400e+000     2.820e+004     3.290e+005     3.440e+005    -3.500e+006     2.070e+007    -2.660e+006
1.500e+000     8.530e+003     3.300e+005     2.740e+005    -3.870e+006     1.610e+007    -2.380e+006
1.600e+000     1.810e+004     3.360e+005     2.730e+005    -3.880e+006     1.730e+007    -3.370e+006
1.700e+000     3.370e+004     3.250e+005     2.720e+005    -3.590e+006     1.780e+007    -4.390e+006
1.800e+000     3.220e+004     2.870e+005     2.270e+005    -3.210e+006     1.470e+007    -4.820e+006
1.900e+000     2.380e+004     2.460e+005     1.820e+005    -2.910e+006     1.350e+007    -6.100e+006
2.000e+000     2.710e+004     2.100e+005     1.740e+005    -2.540e+006     1.570e+007    -7.620e+006
90
1.000e-001     1.220e+002     9.930e+001     2.620e+004     1.150e+003     2.570e+005     3.470e+004
2.000e-001     5.530e+001     3.570e+002     7.450e+004    -9.840e+002     9.100e+005     6.820e+004
3.000e-001     1.140e+004    -7.560e+003     1.550e+007    -8.980e+005     4.330e+008    -3.880e+007
4.000e-001    -3.260e+002     2.380e+003     2.770e+005    -6.450e+003     4.120e+006     2.410e+006
5.000e-001    -1.870e+003     5.120e+003     3.730e+005    -6.930e+004     6.920e+006     2.970e+006
6.000e-001    -3.000e+003     1.050e+004     4.740e+005    -1.310e+005     1.110e+007     3.670e+006
7.000e-001    -3.090e+003     3.520e+004     5.860e+005    -2.820e+005     1.810e+007     4.110e+006
8.000e-001    -6.220e+003     1.720e+005     6.770e+005    -1.180e+006     3.040e+007     2.070e+006
9.000e-001    -8.180e+003     5.370e+005     5.520e+005    -3.630e+006     3.360e+007    -4.030e+006
1.000e+000    -1.400e+004     7.300e+005     3.070e+005    -4.680e+006     2.010e+007    -4.870e+006
1.100e+000    -1.610e+004     7.490e+005     2.350e+005    -4.370e+006     1.250e+007    -3.230e+006
1.200e+000    -1.650e+004     7.570e+005     2.210e+005    -4.030e+006     9.380e+006    -1.360e+006
1.300e+000    -1.650e+004     7.770e+005     2.420e+005    -3.740e+006     8.020e+006     2.930e+005
1.400e+000    -1.670e+004     7.900e+005     2.540e+005    -3.590e+006     7.380e+006     1.470e+006
1.500e+000    -1.490e+004     7.970e+005     2.390e+005    -3.420e+006     6.770e+006     2.300e+006
1.600e+000    -1.520e+004     8.270e+005     2.700e+005    -2.920e+006     7.240e+006     2.810e+006
1.700e+000    -1.370e+004     8.240e+005     2.850e+005    -3.130e+006     7.370e+006     3.040e+006
1.800e+000    -1.230e+004     8.240e+005     2.890e+005    -3.060e+006     7.590e+006     3.130e+006
1.900e+000    -8.920e+003     8.170e+005     9.460e+004    -2.950e+006     3.040e+006     8.590e+005
2.000e+000    -1.110e+004     8.210e+005     3.010e+005    -2.840e+006     8.170e+006     2.660e+006
105
1.000e-001     1.110e+002     9.290e+001     2.590e+004     1.250e+003     2.510e+005     4.120e+004
2.000e-001     7.990e+001     2.800e+002     7.710e+004    -3.040e+002     9.200e+005     8.440e+004
3.000e-001     3.960e+002     6.000e+002     2.570e+005     6.540e+004     4.100e+006     3.800e+006
4.000e-001     7.340e+002    -2.480e+003     2.960e+005     1.080e+004     5.000e+006     2.160e+006
5.000e-001     2.680e+003    -1.130e+004     4.420e+005     2.140e+004     8.950e+006     2.290e+006
6.000e-001     8.420e+003    -2.520e+004     6.810e+005     5.970e+004     1.340e+007     1.950e+006
7.000e-001     3.250e+003     9.190e+004     1.160e+006    -6.760e+005     2.470e+007     1.740e+006
8.000e-001    -5.860e+004     7.870e+005     1.000e+006    -3.970e+006     3.220e+007    -1.830e+006
9.000e-001    -6.610e+004     8.410e+005     3.980e+005    -3.950e+006     1.130e+007    -4.170e+006
1.000e+000    -6.000e+004     8.100e+005     2.380e+005    -3.450e+006     2.970e+006    -7.820e+005
1.100e+000    -5.060e+004     8.040e+005     2.370e+005    -3.240e+006     9.290e+005     3.380e+006
1.200e+000    -4.270e+004     8.750e+005     2.000e+005    -3.180e+006     1.120e+006     6.580e+006
1.300e+000     2.590e+005     1.220e+006    -4.000e+006    -5.150e+006    -4.830e+007    -1.590e+007
1.400e+000    -3.990e+004     9.700e+005     2.430e+005    -3.360e+006     5.120e+006     4.540e+006
1.500e+000    -2.770e+004     9.690e+005     3.060e+005    -3.040e+006     8.000e+006     4.340e+006
1.600e+000    -3.020e+004     9.850e+005     3.040e+005    -2.940e+006     7.550e+006     4.560e+006
1.700e+000    -3.080e+004     1.010e+006     2.700e+005    -2.800e+006     6.410e+006     4.780e+006
1.800e+000    -4.210e+004     1.050e+006     2.300e+005    -2.960e+006     6.180e+006     5.060e+006
1.900e+000    -3.540e+004     1.010e+006     2.930e+005    -2.630e+006     7.180e+006     5.410e+006
2.000e+000    -3.600e+004     1.030e+006     3.080e+005    -2.710e+006     7.490e+006     4.960e+006
120
1.000e-001     8.840e+001     8.060e+001     2.490e+004     1.220e+003     2.330e+005     4.130e+004
2.000e-001     1.370e+002     1.880e+002     7.800e+004     1.190e+002     9.110e+005     7.030e+004
3.000e-001     1.030e+003    -6.420e+002     1.930e+005     3.540e+004     2.900e+006     2.100e+006
4.000e-001     4.700e+003    -7.070e+003     3.160e+005     3.630e+004     6.120e+006     1.560e+006
5.000e-001     1.290e+004    -2.280e+004     5.480e+005     7.020e+004     9.650e+006     1.120e+006
6.000e-001    -6.770e+003     3.470e+003     1.050e+006    -3.210e+005     8.880e+006     1.710e+006
7.000e-001    -1.670e+005     5.830e+005     1.360e+006    -2.090e+006     1.930e+007     6.680e+006
8.000e-001    -1.540e+005     7.220e+005     1.970e+005    -2.290e+006    -4.240e+005     3.680e+006
9.000e-001    -9.760e+004     7.700e+005    -1.800e+005    -3.140e+006    -1.900e+006     5.550e+006
1.000e+000    -5.480e+004     8.090e+005     1.470e+005    -3.090e+006     3.610e+006     7.640e+006
1.100e+000    -4.780e+004     8.750e+005     2.010e+005    -3.090e+006     6.440e+006     5.630e+006
1.200e+000    -5.020e+004     8.890e+005     2.060e+005    -2.860e+006     5.600e+006     6.210e+006
1.300e+000     4.590e+003     9.620e+005    -8.880e+005    -2.770e+006    -2.080e+007     1.180e+006
1.400e+000    -1.180e+005     1.070e+006    -2.510e+006    -3.190e+006    -8.250e+007    -4.060e+006
1.500e+000    -8.030e+004     1.010e+006    -6.560e+004    -2.290e+006    -1.260e+005     6.310e+006
1.600e+000    -6.970e+004     9.620e+005     1.800e+004    -2.060e+006    -8.020e+005     8.820e+006
1.700e+000    -6.680e+004     9.760e+005     2.340e+005    -2.310e+006     4.710e+006     6.740e+006
1.800e+000    -3.230e+005     1.150e+006    -1.190e+006    -2.520e+006    -6.140e+007    -6.900e+006
1.900e+000    -7.790e+004     9.400e+005     2.270e+005    -2.300e+006     3.790e+006     4.550e+006
2.000e+000    -7.780e+004     1.010e+006     2.240e+005    -2.300e+006     3.340e+006     6.580e+006
135
1.000e-001     5.940e+001     6.360e+001     2.340e+004     1.040e+003     2.100e+005     3.550e+004
2.000e-001     2.190e+002     1.030e+002     7.690e+004     2.510e+002     8.900e+005     4.100e+004
3.000e-001     2.220e+003    -1.320e+003     1.810e+005     2.760e+004     2.950e+006     1.340e+006
4.000e-001     9.940e+003    -9.010e+003     3.380e+005     4.680e+004     7.090e+006     9.390e+005
5.000e-001     8.940e+003    -1.780e+004     6.740e+005    -1.760e+004     7.520e+006     7.940e+005
6.000e-001    -1.210e+005     1.350e+005     1.460e+006    -9.280e+005    -4.690e+005     5.650e+006
7.000e-001    -2.320e+005     5.500e+005     3.550e+005    -1.100e+006     1.990e+005     6.570e+006
8.000e-001    -1.060e+005     5.810e+005    -1.870e+004    -2.160e+006    -1.830e+006     7.440e+006
9.000e-001    -6.240e+004     6.340e+005     8.670e+004    -2.580e+006     4.900e+006     5.650e+006
1.000e+000    -6.720e+004     6.870e+005     1.140e+005    -2.490e+006     4.190e+006     5.980e+006
1.100e+000    -6.220e+004     7.210e+005     1.070e+005    -2.260e+006     3.590e+006     7.590e+006
1.200e+000    -5.390e+004     7.300e+005     7.970e+004    -2.120e+006     3.410e+006     7.130e+006
1.300e+000    -6.950e+004     7.510e+005     1.570e+005    -1.980e+006     3.480e+006     7.170e+006
1.400e+000    -7.810e+004     7.700e+005     1.340e+005    -1.820e+006     2.550e+006     7.510e+006
1.500e+000    -7.980e+004     8.290e+005     1.080e+005    -2.020e+006     1.890e+006     5.540e+006
1.600e+000    -8.060e+004     8.240e+005     1.890e+005    -1.970e+006     3.430e+006     6.660e+006
1.700e+000    -1.290e+005     8.280e+005    -1.790e+005    -1.860e+006    -1.960e+007     1.120e+007
1.800e+000    -9.750e+004     8.170e+005     1.510e+005    -1.860e+006     8.090e+005     6.920e+006
1.900e+000    -1.410e+005     8.060e+005     9.210e+003    -1.680e+006    -9.410e+006     6.310e+006
2.000e+000    -1.120e+005     7.440e+005     1.300e+005    -1.770e+006    -1.340e+006     3.700e+006
150
1.000e-001     3.210e+001     4.390e+001     2.180e+004     7.540e+002     1.860e+005     2.560e+004
2.000e-001     3.070e+002     4.190e+001     7.460e+004     1.970e+002     8.650e+005     1.450e+004
3.000e-001     3.490e+003    -1.370e+003     1.750e+005     2.080e+004     3.110e+006     8.070e+005
4.000e-001     1.380e+004    -7.650e+003     3.620e+005     3.660e+004     7.680e+006     5.170e+005
5.000e-001    -1.620e+004    -4.150e+003     7.940e+005    -1.190e+005     3.600e+006     1.040e+006
6.000e-001    -2.540e+005     2.090e+005     1.470e+006    -6.490e+005    -2.720e+006     7.030e+006
7.000e-001    -1.690e+005     3.660e+005    -3.110e+004    -9.870e+005    -5.230e+006     5.680e+006
8.000e-001    -8.310e+004     4.230e+005     1.800e+004    -1.810e+006     2.960e+006     4.590e+006
9.000e-001    -7.640e+004     4.590e+005     5.840e+004    -1.780e+006     3.350e+006     4.430e+006
1.000e+000    -3.010e+004     4.930e+005    -2.860e+005    -1.670e+006    -2.330e+006     2.780e+006
1.100e+000    -7.080e+004     4.870e+005     9.380e+004    -1.460e+006     2.870e+006     6.060e+006
1.200e+000    -7.250e+004     5.280e+005     1.050e+005    -1.460e+006     3.060e+006     6.160e+006
1.300e+000    -7.660e+004     5.320e+005     1.190e+005    -1.320e+006     2.600e+006     6.330e+006
1.400e+000    -7.410e+004     5.370e+005     1.400e+005    -1.270e+006     2.520e+006     5.860e+006
1.500e+000    -8.080e+004     5.340e+005     1.220e+005    -1.210e+006     5.930e+005     5.760e+006
1.600e+000    -8.390e+004     5.410e+005     1.530e+005    -1.230e+006     2.300e+006     5.690e+006
1.700e+000    -9.350e+004     5.530e+005     1.370e+005    -1.220e+006     6.850e+005     5.980e+006
1.800e+000    -1.540e+005     5.630e+005    -7.870e+004    -1.180e+006    -1.390e+007     4.390e+006
1.900e+000    -1.210e+005     5.170e+005     7.470e+004    -1.120e+006    -4.070e+006     4.740e+006
2.000e+000    -1.450e+005     5.120e+005     6.090e+004    -1.040e+006    -6.080e+006     3.900e+006
165
1.000e-001     1.280e+001     2.240e+001     2.050e+004     3.990e+002     1.690e+005     1.330e+004
2.000e-001     3.740e+002     1.090e+001     7.240e+004     1.060e+002     8.460e+005     1.590e+003
3.000e-001     4.430e+003    -8.580e+002     1.700e+005     1.150e+004     3.240e+006     3.770e+005
4.000e-001     1.540e+004    -4.180e+003     3.820e+005     1.790e+004     7.920e+006     2.420e+005
5.000e-001    -4.490e+004     3.000e+003     8.830e+005    -1.080e+005     1.810e+005     8.520e+005
6.000e-001    -2.990e+005     1.360e+005     1.170e+006    -2.120e+005    -2.080e+006     4.050e+006
7.000e-001    -1.280e+005     1.890e+005    -7.610e+004    -6.640e+005    -3.480e+006     3.010e+006
8.000e-001    -7.760e+004     2.160e+005     3.270e+004    -9.490e+005     3.490e+006     2.120e+006
9.000e-001    -7.750e+004     2.370e+005     1.380e+004    -8.750e+005     2.010e+006     2.900e+006
1.000e+000    -6.970e+004     2.500e+005     4.270e+004    -7.980e+005     2.510e+006     3.380e+006
1.100e+000    -6.870e+004     2.550e+005     6.950e+004    -7.320e+005     2.700e+006     3.530e+006
1.200e+000    -7.160e+004     2.670e+005     8.430e+004    -6.990e+005     2.490e+006     3.350e+006
1.300e+000    -6.800e+004     2.710e+005     8.180e+004    -6.400e+005     1.440e+006     3.260e+006
1.400e+000    -7.200e+004     2.740e+005     8.920e+004    -6.080e+005     2.600e+005     3.000e+006
1.500e+000    -8.270e+004     2.800e+005     1.170e+005    -6.420e+005     1.330e+006     2.430e+006
1.600e+000    -1.160e+005     2.920e+005    -3.450e+004    -6.510e+005    -8.430e+006     1.510e+006
1.700e+000    -1.110e+005     2.800e+005    -7.100e+003    -5.970e+005    -7.770e+006     2.730e+006
1.800e+000    -1.280e+005     2.670e+005    -8.060e+003    -6.080e+005    -8.210e+006     1.230e+006
1.900e+000    -1.280e+005     2.740e+005     3.830e+004    -5.710e+005    -6.500e+006     2.580e+006
2.000e+000    -1.660e+005     2.660e+005     1.030e+004    -6.240e+005    -9.590e+006     2.210e+006
180
1.000e-001     5.850e+000     5.700e-002     2.010e+004     1.010e+001     1.630e+005     3.290e+000
2.000e-001     3.990e+002     1.330e-002     7.150e+004     4.560e+001     8.390e+005     2.400e+001
3.000e-001     4.780e+003    -3.050e-001     1.690e+005     1.020e+002     3.290e+006     1.900e+001
4.000e-001     1.570e+004     8.290e+000     3.890e+005     4.820e+002     7.970e+006     8.980e+002
5.000e-001    -5.700e+004     1.360e+002     9.170e+005     3.560e+003    -1.120e+006     9.460e+003
6.000e-001    -3.020e+005     3.550e+002     1.030e+006     7.420e+003    -2.120e+006     2.150e+004
7.000e-001    -1.170e+005     3.940e+001    -7.230e+004     1.460e+003    -2.520e+006     3.620e+003
8.000e-001    -8.690e+004    -9.780e+001     2.050e+004     1.290e+003     3.320e+006    -4.590e+003
9.000e-001    -8.240e+004     7.010e+002     1.170e+004    -3.100e+003     1.360e+006    -2.430e+004
1.000e+000    -6.950e+004     5.010e+002     4.170e+004    -1.490e+002     2.340e+006    -3.110e+004
1.100e+000    -7.210e+004     5.670e+002     6.230e+004     1.350e+003     1.950e+006    -1.980e+004
1.200e+000    -7.330e+004     4.390e+002     8.310e+004     1.430e+003     1.800e+006    -1.960e+004
1.300e+000    -7.500e+004     4.360e+002     8.840e+004     2.430e+003     1.860e+006    -3.840e+003
1.400e+000    -7.200e+004     9.940e+002     1.020e+005     3.860e+003     1.790e+006    -2.540e+004
1.500e+000    -7.390e+004     1.290e+004    -1.250e+004    -7.290e+002    -4.460e+006    -8.510e+005
1.600e+000    -1.310e+005     6.680e+003    -1.170e+005     1.660e+004    -1.060e+007    -5.130e+005
1.700e+000    -9.250e+004    -1.780e+003     4.060e+004     1.030e+004    -3.930e+006    -3.580e+005
1.800e+000    -1.170e+005    -3.290e+003     5.670e+004     1.030e+004    -4.650e+006    -2.960e+005
1.900e+000    -1.530e+005    -8.630e+003    -5.900e+003     3.520e+004    -9.260e+006     4.770e+005
2.000e+000    -1.600e+005    -6.340e+003     4.080e+003     4.380e+004    -1.020e+007     6.320e+005
