13 20
0
1.000e-001     1.140e+000     7.490e-003     1.930e+004     2.000e+000     1.030e+005    -1.800e+000
2.000e-001     8.400e+001     2.570e-002     6.200e+004     1.140e+001     3.970e+005    -1.000e+001
3.000e-001     9.090e+002     7.190e-001     1.290e+005     5.470e+001     1.280e+006    -1.680e+001
4.000e-001     3.380e+003     5.010e+000     1.990e+005     2.920e+002     4.020e+006     5.840e+002
5.000e-001     5.490e+003     1.310e+001     2.540e+005     8.350e+002     9.540e+006     1.230e+003
6.000e-001     3.660e+003     1.460e+001     2.400e+005     1.310e+003     1.320e+007     1.510e+003
7.000e-001     3.650e+003     4.530e-001     1.160e+005     8.500e+002     9.840e+006     6.980e+002
8.000e-001     6.840e+003    -9.970e-001     4.980e+004     2.670e+002     7.050e+006     1.150e+003
9.000e-001     7.120e+003    -4.780e+000     1.070e+005     4.930e+002     8.580e+006     1.430e+003
1.000e+000     8.870e+003    -1.020e+001     8.160e+004     1.990e+002     7.220e+006     1.370e+003
1.100e+000     9.350e+003    -1.890e+001     1.020e+005     4.280e+001     7.090e+006     1.920e+003
1.200e+000     1.050e+004    -2.520e+001     9.560e+004    -2.530e+002     6.290e+006     2.420e+003
1.300e+000     1.140e+004    -3.880e+001     1.050e+005    -5.700e+002     6.360e+006     2.830e+003
1.400e+000     1.250e+004    -4.760e+001     1.110e+005    -9.960e+002     6.400e+006     3.950e+003
1.500e+000     1.360e+004    -6.240e+001     1.130e+005    -1.510e+003     6.380e+006     4.960e+003
1.600e+000     1.460e+004    -7.820e+001     1.160e+005    -1.970e+003     6.510e+006     6.190e+003
1.700e+000     1.560e+004    -9.350e+001     1.180e+005    -2.410e+003     6.750e+006     7.930e+003
1.800e+000     1.660e+004    -1.070e+002     1.190e+005    -2.920e+003     7.030e+006     1.000e+004
1.900e+000     1.750e+004    -1.210e+002     1.190e+005    -3.550e+003     7.320e+006     1.240e+004
2.000e+000     1.850e+004    -1.340e+002     1.190e+005    -4.270e+003     7.600e+006     1.510e+004
15
1.000e-001     2.840e+000     4.500e+000     1.940e+004    -1.740e+001     1.060e+005    -4.290e+003
2.000e-001     7.900e+001     3.570e+001     6.170e+004    -4.080e+002     3.990e+005    -3.180e+004
3.000e-001     8.540e+002     2.270e+002     1.300e+005    -1.850e+003     1.310e+006    -2.650e+005
4.000e-001     3.310e+003     1.110e+003     2.090e+005    -2.100e+004     4.080e+006     2.280e+005
5.000e-001     5.590e+003     1.430e+003     2.560e+005    -4.750e+004     9.160e+006    -6.720e+005
6.000e-001     4.090e+003     5.540e+002     2.380e+005    -8.870e+004     1.300e+007    -1.830e+006
7.000e-001     3.830e+003     9.020e+002     1.130e+005    -1.060e+005     1.030e+007    -1.950e+006
8.000e-001     7.310e+003     1.860e+003     3.770e+004    -2.870e+004     7.450e+006    -1.020e+006
9.000e-001     7.780e+003    -1.050e+003     9.830e+004    -6.470e+003     8.740e+006    -1.320e+006
1.000e+000     9.000e+003    -1.240e+003     7.860e+004    -4.470e+004     7.580e+006    -1.050e+006
1.100e+000     1.000e+004    -2.090e+003     9.520e+004    -2.810e+002     7.220e+006    -1.130e+006
1.200e+000     1.040e+004    -1.990e+003     9.000e+004    -8.590e+003     6.350e+006    -7.660e+005
1.300e+000     1.130e+004    -2.840e+003     1.030e+005    -3.820e+003     6.430e+006    -7.870e+005
1.400e+000     1.250e+004    -2.850e+003     1.070e+005     4.180e+003     6.240e+006    -6.780e+005
1.500e+000     1.340e+004    -2.840e+003     1.080e+005     4.700e+003     6.140e+006    -5.370e+005
1.600e+000     1.430e+004    -3.070e+003     1.110e+005     4.620e+003     6.290e+006    -4.690e+005
1.700e+000     1.520e+004    -3.230e+003     1.140e+005     4.170e+003     6.520e+006    -4.230e+005
1.800e+000     1.610e+004    -3.310e+003     1.150e+005     4.160e+003     6.770e+006    -3.790e+005
1.900e+000     1.690e+004    -3.390e+003     1.160e+005     4.140e+003     7.020e+006    -3.400e+005
2.000e+000     1.780e+004    -3.430e+003     1.150e+005     4.210e+003     7.280e+006    -3.040e+005
30
1.000e-001     7.500e+000     8.330e+000     1.950e+004    -1.370e+000     1.150e+005    -6.180e+003
2.000e-001     6.530e+001     6.250e+001     6.110e+004    -7.530e+002     4.050e+005    -5.100e+004
3.000e-001     6.930e+002     4.000e+002     1.330e+005    -6.350e+003     1.430e+006    -5.120e+005
4.000e-001     3.050e+003     2.070e+003     2.270e+005    -2.160e+004     3.950e+006     4.490e+005
5.000e-001     5.720e+003     3.240e+003     2.660e+005    -6.320e+004     8.050e+006    -8.280e+005
6.000e-001     5.440e+003     2.310e+003     2.460e+005    -1.360e+005     1.210e+007    -2.750e+006
7.000e-001     4.750e+003     3.930e+003     1.170e+005    -2.590e+005     1.140e+007    -3.790e+006
8.000e-001     8.480e+003     1.040e+004     1.000e+004    -2.720e+005     9.140e+006    -2.500e+006
9.000e-001     1.070e+004     4.890e+003     6.490e+004    -3.290e+004     1.000e+007    -2.280e+006
1.000e+000     1.060e+004    -3.010e+003     8.720e+004    -7.120e+004     9.020e+006    -2.730e+006
1.100e+000     1.180e+004    -4.630e+001     6.790e+004    -6.650e+004     7.880e+006    -1.870e+006
1.200e+000     1.160e+004    -4.710e+003     9.120e+004    -2.920e+004     7.230e+006    -2.170e+006
1.300e+000     1.250e+004    -2.880e+003     9.070e+004    -1.000e+004     6.660e+006    -1.500e+006
1.400e+000     1.210e+004    -5.000e+003     9.540e+004    -1.110e+004     6.050e+006    -1.340e+006
1.500e+000     1.310e+004    -5.430e+003     1.030e+005     6.510e+003     6.050e+006    -1.250e+006
1.600e+000     1.380e+004    -4.980e+003     1.040e+005     1.320e+004     5.920e+006    -1.000e+006
1.700e+000     1.430e+004    -5.230e+003     1.040e+005     1.360e+004     5.870e+006    -8.340e+005
1.800e+000     1.480e+004    -5.530e+003     1.040e+005     1.300e+004     5.970e+006    -7.340e+005
1.900e+000     1.550e+004    -5.670e+003     1.050e+005     1.340e+004     6.150e+006    -6.520e+005
2.000e+000     1.610e+004    -5.770e+003     1.040e+005     1.400e+004     6.340e+006    -5.790e+005
45
1.000e-001     1.400e+001     1.080e+001     1.970e+004     6.410e+001     1.270e+005    -4.490e+003
2.000e-001     4.620e+001     7.500e+001     6.070e+004    -9.480e+002     4.140e+005    -5.140e+004
3.000e-001     4.450e+002     4.690e+002     1.450e+005    -1.560e+004     1.760e+006    -7.710e+005
4.000e-001     2.480e+003     2.740e+003     2.370e+005    -5.830e+003     3.430e+006     7.070e+005
5.000e-001     5.430e+003     5.450e+003     2.840e+005    -4.170e+004     6.460e+006    -2.900e+005
6.000e-001     7.430e+003     6.540e+003     2.880e+005    -9.780e+004     1.050e+007    -2.030e+006
7.000e-001     8.020e+003     1.130e+004     1.910e+005    -3.100e+005     1.240e+007    -3.970e+006
8.000e-001     1.130e+004     3.510e+004     5.050e+004    -8.470e+005     1.250e+007    -4.210e+006
9.000e-001     1.490e+004     5.570e+004     1.990e+004    -1.090e+006     1.410e+007    -2.850e+006
1.000e+000     1.600e+004     2.810e+004     7.250e+004    -3.830e+005     1.450e+007    -3.720e+006
1.100e+000     1.680e+004    -3.190e+003     5.610e+004    -7.610e+004     1.030e+007    -4.550e+006
1.200e+000     2.050e+004     8.250e+003     7.940e+004    -2.780e+005     1.030e+007    -3.220e+006
1.300e+000     1.740e+004     4.200e+002     1.020e+005    -7.530e+004     9.280e+006    -3.540e+006
1.400e+000     1.800e+004     2.520e+003     1.010e+005    -1.300e+005     8.110e+006    -2.740e+006
1.500e+000     1.650e+004    -2.790e+003     1.060e+005    -5.050e+004     7.420e+006    -2.540e+006
1.600e+000     1.680e+004    -1.720e+003     1.090e+005    -3.300e+004     6.970e+006    -1.990e+006
1.700e+000     1.470e+004    -4.480e+003     1.030e+005    -1.290e+004     6.090e+006    -1.720e+006
1.800e+000     1.530e+004    -5.110e+003     1.030e+005     1.360e+004     5.940e+006    -1.480e+006
1.900e+000     1.540e+004    -4.680e+003     9.940e+004     1.960e+004     5.720e+006    -1.200e+006
2.000e+000     1.510e+004    -5.130e+003     9.500e+004     2.160e+004     5.520e+006    -1.000e+006
60
1.000e-001     2.010e+001     1.220e+001     2.000e+004     1.820e+002     1.400e+005     1.900e+002
2.000e-001     2.670e+001     7.190e+001     6.110e+004    -9.440e+002     4.260e+005    -3.660e+004
3.000e-001     1.680e+002     3.820e+002     1.770e+005    -3.250e+004     2.740e+006    -1.210e+006
4.000e-001     1.570e+003     2.860e+003     2.390e+005     9.430e+003     2.760e+006     1.010e+006
5.000e-001     4.020e+003     7.190e+003     3.060e+005    -1.380e+004     4.870e+006     6.490e+005
6.000e-001     8.000e+003     1.280e+004     3.610e+005    -2.070e+004     8.470e+006    -1.920e+003
7.000e-001     1.390e+004     2.210e+004     3.740e+005    -7.460e+004     1.280e+007    -1.190e+006
8.000e-001     2.520e+004     5.740e+004     3.460e+005    -5.560e+005     1.780e+007    -2.770e+006
9.000e-001     3.750e+004     1.370e+005     2.970e+005    -1.770e+006     2.110e+007    -3.400e+006
1.000e+000     3.130e+004     2.170e+005     2.220e+005    -2.950e+006     2.020e+007    -2.160e+006
1.100e+000     1.500e+004     2.340e+005     1.500e+005    -3.160e+006     1.920e+007    -1.540e+006
1.200e+000     1.740e+004     1.930e+005     1.440e+005    -2.730e+006     1.970e+007    -3.040e+006
1.300e+000     3.910e+004     1.650e+005     1.810e+005    -2.600e+006     2.260e+007    -4.720e+006
1.400e+000     2.690e+004     1.470e+005     1.200e+005    -2.360e+006     1.810e+007    -5.410e+006
1.500e+000     1.810e+004     1.060e+005     6.280e+004    -1.520e+006     1.490e+007    -6.440e+006
1.600e+000     2.970e+004     8.080e+004     6.810e+004    -1.070e+006     1.390e+007    -5.770e+006
1.700e+000     3.670e+004     7.670e+004     8.870e+004    -9.660e+005     1.140e+007    -5.100e+006
1.800e+000     3.550e+004     5.450e+004     1.190e+005    -6.790e+005     9.520e+006    -4.120e+006
1.900e+000     2.760e+004     4.330e+004     1.290e+005    -4.620e+005     8.690e+006    -4.320e+006
2.000e+000     2.780e+004     2.890e+004     1.350e+005    -2.470e+005     8.140e+006    -4.310e+006
75
1.000e-001     2.480e+001     1.250e+001     2.040e+004     3.020e+002     1.490e+005     5.940e+003
2.000e-001     1.250e+001     5.630e+001     6.230e+004    -7.510e+002     4.390e+005    -1.690e+004
3.000e-001     1.750e+001     3.890e+001     3.290e+005    -7.100e+004     7.090e+006    -2.500e+006
4.000e-001     5.560e+002     2.120e+003     2.420e+005     1.690e+004     2.320e+006     1.260e+006
5.000e-001     1.480e+003     6.380e+003     3.250e+005    -3.360e+003     3.880e+006     1.450e+006
6.000e-001     3.910e+003     1.540e+004     4.110e+005    -2.330e+004     6.850e+006     1.810e+006
7.000e-001     1.000e+004     3.560e+004     4.980e+005    -6.500e+004     1.190e+007     2.060e+006
8.000e-001     2.590e+004     1.010e+005     5.890e+005    -3.650e+005     1.960e+007     1.440e+006
9.000e-001     5.430e+004     2.680e+005     6.410e+005    -1.260e+006     2.840e+007    -6.830e+005
1.000e+000     7.770e+004     4.390e+005     6.770e+005    -2.450e+006     4.150e+007    -3.010e+006
1.100e+000     8.170e+004     5.530e+005     6.180e+005    -3.590e+006     4.490e+007    -5.950e+006
1.200e+000     6.140e+004     5.890e+005     4.770e+005    -3.960e+006     3.360e+007    -5.490e+006
1.300e+000     2.990e+004     5.760e+005     3.850e+005    -3.960e+006     2.100e+007    -2.580e+006
1.400e+000     3.630e+003     5.630e+005     3.510e+005    -3.980e+006     1.380e+007    -4.010e+005
1.500e+000    -8.150e+002     5.800e+005     3.410e+005    -4.040e+006     1.260e+007    -7.110e+005
1.600e+000     9.970e+003     5.910e+005     3.300e+005    -3.910e+006     1.290e+007    -1.360e+006
1.700e+000     1.290e+004     5.840e+005     3.180e+005    -3.540e+006     1.130e+007    -4.480e+005
1.800e+000     7.920e+003     5.680e+005     3.140e+005    -3.390e+006     9.690e+006     7.290e+003
1.900e+000     7.560e+003     5.640e+005     3.150e+005    -3.370e+006     9.730e+006    -5.970e+005
2.000e+000     1.150e+004     5.550e+005     3.140e+005    -3.280e+006     9.820e+006    -9.010e+005
90
1.000e-001     2.650e+001     1.240e+001     2.070e+004     4.020e+002     1.530e+005     1.050e+004
2.000e-001     8.940e+000     3.240e+001     6.410e+004    -4.670e+002     4.500e+005    -3.790e+003
3.000e-001     1.190e+004    -2.650e+003     1.290e+007    -5.600e+005     3.510e+008    -2.250e+007
4.000e-001     3.910e+000     4.930e+002     2.480e+005     2.190e+004     2.250e+006     1.320e+006
5.000e-001    -2.240e+002     1.420e+003     3.460e+005     1.090e+004     3.830e+006     1.650e+006
6.000e-001    -4.570e+002     5.340e+003     4.480e+005    -1.480e+004     6.380e+006     2.080e+006
7.000e-001    -8.980e+002     3.390e+004     5.460e+005    -1.720e+005     1.030e+007     2.510e+006
8.000e-001    -8.040e+003     2.140e+005     5.600e+005    -1.320e+006     1.710e+007     2.290e+006
9.000e-001    -2.940e+004     5.790e+005     3.740e+005    -3.830e+006     1.870e+007    -4.930e+005
1.000e+000    -3.150e+004     7.230e+005     2.480e+005    -4.580e+006     1.370e+007    -2.380e+006
1.100e+000    -2.540e+004     7.450e+005     2.180e+005    -4.310e+006     1.000e+007    -1.980e+006
1.200e+000    -2.160e+004     7.580e+005     2.150e+005    -4.000e+006     8.210e+006    -6.530e+005
1.300e+000    -1.940e+004     7.790e+005     2.400e+005    -3.740e+006     7.390e+006     7.250e+005
1.400e+000    -1.850e+004     7.910e+005     2.530e+005    -3.590e+006     7.020e+006     1.750e+006
1.500e+000    -1.610e+004     7.980e+005     2.390e+005    -3.420e+006     6.570e+006     2.480e+006
1.600e+000    -1.580e+004     8.260e+005     2.690e+005    -2.910e+006     7.130e+006     2.920e+006
1.700e+000    -1.410e+004     8.230e+005     2.850e+005    -3.130e+006     7.310e+006     3.110e+006
1.800e+000    -1.250e+004     8.230e+005     2.890e+005    -3.050e+006     7.560e+006     3.170e+006
1.900e+000    -9.050e+003     8.160e+005     9.560e+004    -2.950e+006     3.060e+006     8.960e+005
2.000e+000    -1.110e+004     8.210e+005     3.010e+005    -2.830e+006     8.160e+006     2.680e+006
105
1.000e-001     2.480e+001     1.160e+001     2.080e+004     4.420e+002     1.490e+005     1.250e+004
2.000e-001     1.930e+001     6.490e+000     6.570e+004    -2.270e+002     4.550e+005    -2.950e+003
3.000e-001     4.200e+002     2.140e+002     5.210e+005     1.100e+005     1.070e+007     4.320e+006
4.000e-001     4.740e+002    -1.560e+003     2.580e+005     3.020e+004     2.530e+006     1.140e+006
5.000e-001     1.650e+003    -5.710e+003     3.810e+005     4.290e+004     4.590e+006     1.150e+006
6.000e-001     3.710e+003    -1.060e+004     5.500e+005     3.720e+004     6.560e+006     7.930e+005
7.000e-001    -3.560e+003     4.120e+004     8.020e+005    -3.850e+005     8.160e+006     8.260e+005
8.000e-001    -4.870e+004     4.590e+005     8.590e+005    -2.630e+006     1.410e+007     3.240e+006
9.000e-001    -7.240e+004     7.400e+005     4.260e+005    -3.730e+006     1.000e+007    -7.360e+005
1.000e+000    -6.450e+004     7.370e+005     2.490e+005    -3.520e+006     1.550e+006    -1.580e+005
1.100e+000    -5.530e+004     7.430e+005     5.430e+004    -3.440e+006    -1.580e+006     1.580e+006
1.200e+000    -4.710e+004     7.780e+005     2.210e+005    -3.260e+006    -1.250e+005     5.420e+006
1.300e+000    -3.630e+004     8.230e+005     2.500e+005    -3.300e+006     3.070e+006     5.970e+006
1.400e+000    -2.200e+004     8.390e+005     2.440e+005    -3.160e+006     5.350e+006     5.210e+006
1.500e+000    -2.100e+004     8.690e+005     3.020e+005    -3.160e+006     7.410e+006     4.310e+006
1.600e+000    -2.430e+004     8.940e+005     3.000e+005    -3.060e+006     6.990e+006     4.570e+006
1.700e+000    -2.550e+004     9.020e+005     2.880e+005    -2.900e+006     6.210e+006     5.310e+006
1.800e+000    -2.680e+004     9.120e+005     2.890e+005    -2.840e+006     6.470e+006     5.210e+006
1.900e+000    -3.300e+004     9.550e+005     1.840e+005    -2.760e+006     2.850e+006     4.840e+006
2.000e+000    -2.440e+004     9.180e+005     2.490e+005    -2.650e+006     5.620e+006     5.170e+006
120
1.000e-001     2.020e+001     1.030e+001     2.060e+004     4.180e+002     1.400e+005     1.170e+004
2.000e-001     4.280e+001    -1.560e+001     6.630e+004    -1.260e+002     4.520e+005    -1.190e+004
3.000e-001     3.790e+002    -3.550e+002     2.220e+005     5.650e+004     3.100e+006     2.040e+006
4.000e-001     2.010e+003    -3.180e+003     2.660e+005     3.810e+004     3.060e+006     8.150e+005
5.000e-001     5.790e+003    -9.800e+003     4.280e+005     5.150e+004     5.700e+006     5.460e+005
6.000e-001    -3.550e+003    -4.240e+003     6.800e+005    -1.420e+005     5.020e+006     3.790e+005
7.000e-001    -8.160e+004     1.700e+005     1.050e+006    -1.320e+006    -1.740e+006     4.550e+006
8.000e-001    -1.560e+005     5.600e+005     4.530e+005    -1.820e+006    -2.570e+006     8.410e+006
9.000e-001    -1.070e+005     6.390e+005     4.430e+004    -2.360e+006    -6.310e+006     8.430e+006
1.000e+000    -5.690e+004     7.110e+005     1.010e+005    -3.160e+006     1.310e+006     7.220e+006
1.100e+000    -3.310e+004     7.300e+005     1.700e+005    -3.140e+006     5.480e+006     4.980e+006
1.200e+000    -3.860e+004     7.740e+005     1.760e+005    -3.100e+006     4.640e+006     5.640e+006
1.300e+000    -4.320e+004     8.030e+005     2.030e+005    -2.870e+006     3.940e+006     7.730e+006
1.400e+000    -4.000e+004     8.220e+005     2.240e+005    -2.770e+006     5.050e+006     7.520e+006
1.500e+000    -4.490e+004     8.500e+005     2.300e+005    -2.660e+006     5.010e+006     7.290e+006
1.600e+000    -4.930e+004     8.610e+005     1.950e+005    -2.580e+006     2.830e+006     7.770e+006
1.700e+000    -5.250e+004     8.370e+005     1.010e+005    -2.540e+006     3.560e+006     6.720e+006
1.800e+000    -4.680e+004     8.900e+005     1.740e+005    -2.430e+006     1.500e+006     6.690e+006
1.900e+000    -7.860e+004     8.860e+005     3.400e+004    -2.340e+006    -3.970e+006     7.170e+006
2.000e+000    -5.180e+004     8.970e+005     2.450e+005    -2.330e+006     4.740e+006     7.340e+006
135
1.000e-001     1.390e+001     8.470e+000     2.010e+004     3.460e+002     1.270e+005     8.990e+003
2.000e-001     7.440e+001    -2.830e+001     6.580e+004    -1.450e+002     4.420e+005    -2.200e+004
3.000e-001     7.860e+002    -5.840e+002     1.720e+005     4.010e+004     2.000e+006     1.200e+006
4.000e-001     4.000e+003    -3.720e+003     2.720e+005     3.890e+004     3.750e+006     5.240e+005
5.000e-001     6.230e+003    -8.230e+003     4.760e+005     1.640e+004     6.720e+006     5.050e+005
6.000e-001    -4.270e+004     2.520e+004     7.610e+005    -4.170e+005     1.400e+006     2.000e+006
7.000e-001    -1.740e+005     2.720e+005     8.220e+005    -1.230e+006    -8.070e+006     8.730e+006
8.000e-001    -1.200e+005     4.600e+005    -2.800e+003    -1.620e+006    -5.950e+006     8.500e+006
9.000e-001    -5.990e+004     5.410e+005     4.120e+004    -2.700e+006     2.680e+006     5.200e+006
1.000e+000    -4.700e+004     5.620e+005     7.220e+004    -2.690e+006     2.730e+006     4.920e+006
1.100e+000    -5.470e+004     6.190e+005     8.310e+004    -2.560e+006     1.880e+006     7.760e+006
1.200e+000    -5.020e+004     6.390e+005     1.390e+005    -2.430e+006     3.440e+006     7.390e+006
1.300e+000    -5.250e+004     6.620e+005     1.510e+005    -2.320e+006     2.990e+006     7.500e+006
1.400e+000    -5.610e+004     6.800e+005     1.620e+005    -2.190e+006     2.910e+006     7.880e+006
1.500e+000    -5.360e+004     6.960e+005     1.660e+005    -2.090e+006     3.020e+006     7.280e+006
1.600e+000    -5.720e+004     6.830e+005     1.780e+005    -1.960e+006     3.030e+006     7.460e+006
1.700e+000    -7.790e+004     6.740e+005     4.270e+003    -1.750e+006    -2.700e+006     7.410e+006
1.800e+000    -1.200e+005     7.400e+005    -2.890e+005    -1.950e+006    -1.940e+007     7.900e+006
1.900e+000    -6.320e+004     7.270e+005     1.890e+005    -1.830e+006     2.480e+006     7.260e+006
2.000e+000    -1.120e+005     7.350e+005    -5.360e+003    -1.860e+006    -8.130e+006     8.290e+006
150
1.000e-001     7.810e+000     6.100e+000     1.950e+004     2.410e+002     1.130e+005     5.680e+003
2.000e-001     1.060e+002    -2.880e+001     6.450e+004    -1.800e+002     4.290e+005    -2.470e+004
3.000e-001     1.240e+003    -5.640e+002     1.530e+005     2.800e+004     1.680e+006     6.900e+005
4.000e-001     5.660e+003    -3.110e+003     2.760e+005     3.050e+004     4.470e+006     3.350e+005
5.000e-001     3.960e+002    -3.950e+003     5.190e+005    -1.980e+004     7.410e+006     7.570e+005
6.000e-001    -8.930e+004     4.350e+004     7.860e+005    -4.640e+005    -1.830e+006     3.190e+006
7.000e-001    -1.690e+005     2.310e+005     3.990e+005    -7.950e+005    -7.090e+006     6.750e+006
8.000e-001    -7.720e+004     3.300e+005    -3.800e+004    -1.730e+006    -9.600e+005     3.980e+006
9.000e-001    -6.920e+004     3.780e+005     3.440e+004    -2.020e+006     2.040e+006     3.260e+006
1.000e+000    -5.670e+004     3.940e+005     2.470e+004    -1.850e+006     7.900e+005     5.870e+006
1.100e+000    -5.300e+004     4.250e+005     7.240e+004    -1.790e+006     2.350e+006     5.800e+006
1.200e+000    -3.600e+004     5.200e+005    -3.930e+005    -1.910e+006    -6.050e+006     5.160e+006
1.300e+000    -5.830e+004     4.670e+005     9.750e+004    -1.590e+006     1.630e+006     6.150e+006
1.400e+000    -5.990e+004     4.700e+005     1.170e+005    -1.460e+006     1.570e+006     6.080e+006
1.500e+000    -6.130e+004     4.930e+005     1.250e+005    -1.450e+006     1.720e+006     5.830e+006
1.600e+000    -7.010e+004     5.200e+005     1.070e+005    -1.480e+006     3.290e+005     5.890e+006
1.700e+000    -6.540e+004     5.000e+005     1.400e+005    -1.300e+006     1.700e+006     5.960e+006
1.800e+000    -6.380e+004     4.970e+005     1.070e+005    -1.220e+006     2.530e+004     6.010e+006
1.900e+000    -1.550e+005     4.520e+005    -5.690e+005    -1.140e+006    -3.370e+007     4.680e+006
2.000e+000    -7.390e+004     5.110e+005     3.900e+004    -1.130e+006    -4.210e+006     5.280e+006
165
1.000e-001     3.400e+000     3.230e+000     1.890e+004     1.240e+002     1.030e+005     2.640e+003
2.000e-001     1.290e+002    -1.790e+001     6.310e+004    -1.290e+002     4.180e+005    -1.630e+004
3.000e-001     1.580e+003    -3.400e+002     1.430e+005     1.470e+004     1.560e+006     3.160e+005
4.000e-001     6.610e+003    -1.730e+003     2.790e+005     1.650e+004     5.020e+006     1.800e+005
5.000e-001    -7.150e+003    -9.550e+002     5.500e+005    -2.210e+004     7.780e+006     6.260e+005
6.000e-001    -1.170e+005     3.190e+004     7.810e+005    -2.790e+005    -3.400e+006     2.290e+006
7.000e-001    -1.380e+005     1.250e+005     1.750e+005    -4.890e+005    -5.860e+006     3.060e+006
8.000e-001    -7.440e+004     1.700e+005    -1.140e+004    -1.010e+006     1.490e+005     1.400e+006
9.000e-001    -7.340e+004     1.920e+005    -6.010e+003    -1.020e+006     2.460e+005     2.430e+006
1.000e+000    -4.510e+004     1.950e+005    -8.350e+003    -9.750e+005     1.570e+006     3.250e+006
1.100e+000    -5.460e+004     2.200e+005     4.190e+004    -9.380e+005     1.520e+006     3.290e+006
1.200e+000    -5.550e+004     2.300e+005     4.800e+004    -8.030e+005     1.260e+006     3.580e+006
1.300e+000    -5.660e+004     2.380e+005     7.270e+004    -8.010e+005     1.160e+006     3.350e+006
1.400e+000    -4.280e+007    -9.960e+005    -6.140e+008     1.270e+007    -1.480e+010     6.320e+007
1.500e+000    -5.900e+004     2.400e+005     8.630e+004    -6.610e+005     7.840e+005     3.360e+006
1.600e+000    -6.900e+004     2.610e+005     9.160e+004    -7.110e+005     2.610e+005     3.150e+006
1.700e+000    -6.340e+004     2.510e+005     1.040e+005    -6.290e+005     1.310e+006     3.230e+006
1.800e+000    -7.320e+004     2.540e+005     1.000e+005    -6.170e+005     3.520e+005     3.070e+006
1.900e+000    -7.630e+004     2.800e+005     1.040e+005    -6.950e+005    -1.510e+005     2.690e+006
2.000e+000    -7.340e+004     2.620e+005     1.040e+005    -6.090e+005    -5.500e+005     3.480e+006
180
1.000e-001     1.760e+000     6.320e-003     1.870e+004     2.250e+000     9.970e+004     7.450e-001
2.000e-001     1.370e+002     9.580e-002     6.260e+004     1.030e+001     4.140e+005     7.660e+000
3.000e-001     1.700e+003     3.870e-001     1.400e+005     4.990e+001     1.530e+006     1.810e+001
4.000e-001     6.900e+003     6.610e+000     2.810e+005     3.390e+002     5.230e+006     5.590e+002
5.000e-001    -1.050e+004     5.740e+001     5.610e+005     1.830e+003     7.890e+006     3.940e+003
6.000e-001    -1.250e+005     1.920e+002     7.760e+005     5.020e+003    -3.800e+006     1.170e+004
7.000e-001    -1.270e+005     1.030e+002     1.200e+005     2.890e+003    -5.560e+006     6.640e+003
8.000e-001    -7.670e+004     5.600e+001    -5.390e+003     1.340e+003    -1.580e+003     1.020e+003
9.000e-001    -7.190e+004     7.840e+001    -2.060e+004     9.960e+002    -4.930e+004    -6.650e+002
1.000e+000    -4.930e+004     1.100e+002     8.280e+003     6.610e+002     1.460e+006    -8.920e+002
1.100e+000    -5.500e+004     3.580e+002     3.200e+004    -1.220e+003     1.160e+006    -1.140e+004
1.200e+000    -5.520e+004     1.180e+002     4.600e+004     1.120e+003     1.190e+006    -2.810e+003
1.300e+000     1.330e+004     6.270e+004    -8.980e+005    -3.370e+005    -2.340e+007    -4.570e+006
1.400e+000    -5.020e+004     2.600e+004    -6.210e+005    -1.580e+005    -1.770e+007    -2.480e+006
1.500e+000    -6.130e+004     3.690e+002     8.070e+004     1.250e+003     7.690e+005    -1.440e+004
1.600e+000    -6.620e+004     3.960e+002     8.180e+004     2.340e+003     4.890e+005    -6.480e+003
1.700e+000    -6.880e+004     8.750e+002     7.600e+004     5.280e+001     2.970e+005    -5.310e+004
1.800e+000    -1.120e+005     1.170e+004    -7.170e+004    -2.160e+004    -7.470e+006    -6.260e+005
1.900e+000    -7.140e+004     2.240e+003     9.040e+004    -1.070e+004    -4.790e+005    -1.590e+005
2.000e+000    -6.590e+004     1.320e+003     9.010e+004    -2.640e+002     1.230e+005    -7.180e+004
