13 20
0
1.000e-001    -4.740e+001    -1.640e-001     3.160e+004     6.830e+001     6.410e+005    -1.220e-001
2.000e-001    -1.800e+001    -8.060e-001     1.150e+005     3.250e+002     2.900e+006    -1.170e+001
3.000e-001     1.180e+003    -1.450e+000     2.440e+005     7.140e+002     6.610e+006     1.000e+002
4.000e-001     2.540e+003    -1.420e+000     3.650e+005     1.100e+003     1.070e+007     9.320e+002
5.000e-001     2.940e+003     3.090e+000     4.540e+005     1.600e+003     1.500e+007     3.810e+003
6.000e-001     0.000e+000     0.000e+000     0.000e+000     0.000e+000     0.000e+000     0.000e+000
7.000e-001     0.000e+000     0.000e+000     0.000e+000     0.000e+000     0.000e+000     0.000e+000
8.000e-001     0.000e+000     0.000e+000     0.000e+000     0.000e+000     0.000e+000     0.000e+000
9.000e-001     0.000e+000     0.000e+000     0.000e+000     0.000e+000     0.000e+000     0.000e+000
1.000e+000     0.000e+000     0.000e+000     0.000e+000     0.000e+000     0.000e+000     0.000e+000
1.100e+000     0.000e+000     0.000e+000     0.000e+000     0.000e+000     0.000e+000     0.000e+000
1.200e+000     0.000e+000     0.000e+000     0.000e+000     0.000e+000     0.000e+000     0.000e+000
1.300e+000     0.000e+000     0.000e+000     0.000e+000     0.000e+000     0.000e+000     0.000e+000
1.400e+000     0.000e+000     0.000e+000     0.000e+000     0.000e+000     0.000e+000     0.000e+000
1.500e+000     0.000e+000     0.000e+000     0.000e+000     0.000e+000     0.000e+000     0.000e+000
1.600e+000     0.000e+000     0.000e+000     0.000e+000     0.000e+000     0.000e+000     0.000e+000
1.700e+000     0.000e+000     0.000e+000     0.000e+000     0.000e+000     0.000e+000     0.000e+000
1.800e+000     0.000e+000     0.000e+000     0.000e+000     0.000e+000     0.000e+000     0.000e+000
1.900e+000     0.000e+000     0.000e+000     0.000e+000     0.000e+000     0.000e+000     0.000e+000
2.000e+000     0.000e+000     0.000e+000     0.000e+000     0.000e+000     0.000e+000     0.000e+000
15
1.000e-001    -2.250e+001     1.970e+002     3.250e+004     6.040e+002     6.460e+005     5.770e+003
2.000e-001     1.170e+001     1.260e+003     1.160e+005    -8.870e+002     2.950e+006    -9.270e+004
3.000e-001     1.250e+003     3.700e+003     2.410e+005    -1.620e+004     6.770e+006    -8.040e+005
4.000e-001     2.800e+003     5.780e+003     3.480e+005    -4.250e+004     1.110e+007    -2.830e+006
5.000e-001     2.550e+003     5.650e+003     4.000e+005    -7.720e+004     1.510e+007    -6.550e+006
6.000e-001     0.000e+000     0.000e+000     0.000e+000     0.000e+000     0.000e+000     0.000e+000
7.000e-001     0.000e+000     0.000e+000     0.000e+000     0.000e+000     0.000e+000     0.000e+000
8.000e-001     0.000e+000     0.000e+000     0.000e+000     0.000e+000     0.000e+000     0.000e+000
9.000e-001     0.000e+000     0.000e+000     0.000e+000     0.000e+000     0.000e+000     0.000e+000
1.000e+000     0.000e+000     0.000e+000     0.000e+000     0.000e+000     0.000e+000     0.000e+000
1.100e+000     0.000e+000     0.000e+000     0.000e+000     0.000e+000     0.000e+000     0.000e+000
1.200e+000     0.000e+000     0.000e+000     0.000e+000     0.000e+000     0.000e+000     0.000e+000
1.300e+000     0.000e+000     0.000e+000     0.000e+000     0.000e+000     0.000e+000     0.000e+000
1.400e+000     0.000e+000     0.000e+000     0.000e+000     0.000e+000     0.000e+000     0.000e+000
1.500e+000     0.000e+000     0.000e+000     0.000e+000     0.000e+000     0.000e+000     0.000e+000
1.600e+000     0.000e+000     0.000e+000     0.000e+000     0.000e+000     0.000e+000     0.000e+000
1.700e+000     0.000e+000     0.000e+000     0.000e+000     0.000e+000     0.000e+000     0.000e+000
1.800e+000     0.000e+000     0.000e+000     0.000e+000     0.000e+000     0.000e+000     0.000e+000
1.900e+000     0.000e+000     0.000e+000     0.000e+000     0.000e+000     0.000e+000     0.000e+000
2.000e+000     0.000e+000     0.000e+000     0.000e+000     0.000e+000     0.000e+000     0.000e+000
30
1.000e-001     4.380e+001     3.810e+002     3.480e+004     1.230e+003     6.610e+005     1.800e+004
2.000e-001     8.250e+001     2.480e+003     1.180e+005    -1.660e+003     3.080e+006    -1.040e+005
3.000e-001     1.390e+003     7.480e+003     2.360e+005    -3.410e+004     7.200e+006    -1.140e+006
4.000e-001     3.740e+003     1.230e+004     3.170e+005    -9.110e+004     1.200e+007    -4.120e+006
5.000e-001     3.310e+003     1.210e+004     3.060e+005    -1.250e+005     1.620e+007    -9.120e+006
6.000e-001     1.820e+003     1.060e+004     2.000e+005    -1.580e+005     1.940e+007    -1.440e+007
7.000e-001     0.000e+000     0.000e+000     0.000e+000     0.000e+000     0.000e+000     0.000e+000
8.000e-001     0.000e+000     0.000e+000     0.000e+000     0.000e+000     0.000e+000     0.000e+000
9.000e-001     0.000e+000     0.000e+000     0.000e+000     0.000e+000     0.000e+000     0.000e+000
1.000e+000     0.000e+000     0.000e+000     0.000e+000     0.000e+000     0.000e+000     0.000e+000
1.100e+000     0.000e+000     0.000e+000     0.000e+000     0.000e+000     0.000e+000     0.000e+000
1.200e+000     0.000e+000     0.000e+000     0.000e+000     0.000e+000     0.000e+000     0.000e+000
1.300e+000     0.000e+000     0.000e+000     0.000e+000     0.000e+000     0.000e+000     0.000e+000
1.400e+000     0.000e+000     0.000e+000     0.000e+000     0.000e+000     0.000e+000     0.000e+000
1.500e+000     0.000e+000     0.000e+000     0.000e+000     0.000e+000     0.000e+000     0.000e+000
1.600e+000     0.000e+000     0.000e+000     0.000e+000     0.000e+000     0.000e+000     0.000e+000
1.700e+000     0.000e+000     0.000e+000     0.000e+000     0.000e+000     0.000e+000     0.000e+000
1.800e+000     0.000e+000     0.000e+000     0.000e+000     0.000e+000     0.000e+000     0.000e+000
1.900e+000     0.000e+000     0.000e+000     0.000e+000     0.000e+000     0.000e+000     0.000e+000
2.000e+000     0.000e+000     0.000e+000     0.000e+000     0.000e+000     0.000e+000     0.000e+000
45
1.000e-001     1.300e+002     5.410e+002     3.780e+004     1.970e+003     6.850e+005     3.970e+004
2.000e-001     1.500e+002     3.610e+003     1.230e+005    -2.170e+003     3.290e+006     3.060e+003
3.000e-001     1.360e+003     1.110e+004     2.380e+005    -5.620e+004     7.830e+006    -8.360e+005
4.000e-001     4.730e+003     1.980e+004     3.110e+005    -1.700e+005     1.340e+007    -3.450e+006
5.000e-001     7.290e+003     2.180e+004     2.840e+005    -2.570e+005     1.860e+007    -8.250e+006
6.000e-001     5.740e+003     1.370e+004     1.560e+005    -2.350e+005     2.120e+007    -1.300e+007
7.000e-001     4.270e+003     9.190e+003    -3.300e+003    -1.490e+005     2.030e+007    -1.280e+007
8.000e-001     0.000e+000     0.000e+000     0.000e+000     0.000e+000     0.000e+000     0.000e+000
9.000e-001     0.000e+000     0.000e+000     0.000e+000     0.000e+000     0.000e+000     0.000e+000
1.000e+000     0.000e+000     0.000e+000     0.000e+000     0.000e+000     0.000e+000     0.000e+000
1.100e+000     0.000e+000     0.000e+000     0.000e+000     0.000e+000     0.000e+000     0.000e+000
1.200e+000     0.000e+000     0.000e+000     0.000e+000     0.000e+000     0.000e+000     0.000e+000
1.300e+000     0.000e+000     0.000e+000     0.000e+000     0.000e+000     0.000e+000     0.000e+000
1.400e+000     0.000e+000     0.000e+000     0.000e+000     0.000e+000     0.000e+000     0.000e+000
1.500e+000     0.000e+000     0.000e+000     0.000e+000     0.000e+000     0.000e+000     0.000e+000
1.600e+000     0.000e+000     0.000e+000     0.000e+000     0.000e+000     0.000e+000     0.000e+000
1.700e+000     0.000e+000     0.000e+000     0.000e+000     0.000e+000     0.000e+000     0.000e+000
1.800e+000     0.000e+000     0.000e+000     0.000e+000     0.000e+000     0.000e+000     0.000e+000
1.900e+000     0.000e+000     0.000e+000     0.000e+000     0.000e+000     0.000e+000     0.000e+000
2.000e+000     0.000e+000     0.000e+000     0.000e+000     0.000e+000     0.000e+000     0.000e+000
60
1.000e-001     2.100e+002     6.610e+002     4.080e+004     2.750e+003     7.120e+005     6.910e+004
2.000e-001     1.720e+002     4.520e+003     1.300e+005    -2.960e+003     3.530e+006     2.050e+005
3.000e-001     7.980e+002     1.370e+004     2.530e+005    -8.220e+004     8.620e+006    -5.380e+004
4.000e-001     2.820e+003     2.450e+004     4.060e+005    -2.690e+005     1.790e+007    -8.830e+005
5.000e-001    -1.910e+003    -1.050e+004     1.070e+007    -2.990e+005     3.400e+008     5.200e+005
6.000e-001     5.550e+004     1.110e+005     2.020e+007    -1.170e+006     5.280e+008    -2.750e+005
7.000e-001     8.850e+005    -5.150e+005     1.300e+009     1.670e+007     3.610e+010    -1.800e+008
8.000e-001     1.120e+004    -1.630e+004     1.070e+006     3.790e+005     4.790e+007    -1.630e+007
9.000e-001     1.580e+004    -1.490e+004     4.860e+004    -2.860e+004     1.460e+007    -7.720e+006
1.000e+000     1.940e+004    -7.820e+003    -2.640e+004    -1.170e+005     9.310e+006    -3.520e+006
1.100e+000     1.720e+004    -8.790e+003    -4.720e+004    -1.130e+004     6.440e+006    -4.250e+006
1.200e+000     0.000e+000     0.000e+000     0.000e+000     0.000e+000     0.000e+000     0.000e+000
1.300e+000     0.000e+000     0.000e+000     0.000e+000     0.000e+000     0.000e+000     0.000e+000
1.400e+000     0.000e+000     0.000e+000     0.000e+000     0.000e+000     0.000e+000     0.000e+000
1.500e+000     0.000e+000     0.000e+000     0.000e+000     0.000e+000     0.000e+000     0.000e+000
1.600e+000     0.000e+000     0.000e+000     0.000e+000     0.000e+000     0.000e+000     0.000e+000
1.700e+000     0.000e+000     0.000e+000     0.000e+000     0.000e+000     0.000e+000     0.000e+000
1.800e+000     0.000e+000     0.000e+000     0.000e+000     0.000e+000     0.000e+000     0.000e+000
1.900e+000     0.000e+000     0.000e+000     0.000e+000     0.000e+000     0.000e+000     0.000e+000
2.000e+000     0.000e+000     0.000e+000     0.000e+000     0.000e+000     0.000e+000     0.000e+000
75
1.000e-001     2.620e+002     7.350e+002     4.290e+004     3.430e+003     7.390e+005     1.010e+005
2.000e-001     1.470e+002     5.060e+003     1.380e+005    -4.160e+003     3.770e+006     4.380e+005
3.000e-001    -3.700e+002     1.380e+004     2.860e+005    -9.460e+004     9.960e+006     8.620e+005
4.000e-001     1.160e+003     3.440e+004     5.350e+005    -4.680e+005     1.400e+007    -7.330e+005
5.000e-001    -6.810e+002     4.880e+004     4.400e+005    -7.520e+005     1.330e+007    -6.920e+005
6.000e-001    -9.100e+002     6.040e+004     3.690e+005    -9.250e+005     1.210e+007    -2.480e+005
7.000e-001     3.420e+003     6.440e+004     2.830e+005    -8.690e+005     1.170e+007     6.150e+005
8.000e-001     1.210e+004     6.150e+004     2.030e+005    -6.180e+005     1.280e+007     1.110e+006
9.000e-001     2.080e+004     5.720e+004     1.350e+005    -3.420e+005     1.400e+007     7.480e+005
1.000e+000     2.510e+004     5.670e+004     8.080e+004    -2.880e+005     1.310e+007    -2.770e+005
1.100e+000     2.450e+004     5.720e+004     4.640e+004    -5.850e+005     9.360e+006    -1.310e+006
1.200e+000     2.120e+004     4.670e+004     3.350e+004    -1.010e+006     5.060e+006    -2.000e+006
1.300e+000     1.800e+004     2.050e+004     3.080e+004    -1.080e+006     3.630e+006    -2.530e+006
1.400e+000     1.810e+004    -3.740e+003     2.870e+004    -5.940e+005     5.350e+006    -2.920e+006
1.500e+000     2.200e+004    -5.240e+003     3.230e+004    -5.570e+004     6.430e+006    -2.600e+006
1.600e+000     2.580e+004     4.180e+003     4.110e+004     1.810e+004     4.870e+006    -1.660e+006
1.700e+000     2.630e+004     4.520e+002     4.950e+004    -9.540e+004     3.560e+006    -1.150e+006
1.800e+000     2.460e+004    -9.590e+003     8.690e+004    -2.330e+004     4.970e+006    -9.820e+005
1.900e+000     2.370e+004    -1.090e+004     1.960e+005     1.730e+004     8.770e+006    -2.070e+005
2.000e+000     2.460e+004     1.890e+003     1.770e+006    -7.970e+005     6.150e+007     2.800e+006
90
1.000e-001     2.750e+002     7.560e+002     4.370e+004     3.870e+003     7.590e+005     1.270e+005
2.000e-001     1.370e+002     5.100e+003     1.450e+005    -5.230e+003     4.000e+006     6.260e+005
3.000e-001     8.640e+003    -3.410e+004     2.410e+007     1.300e+006     6.980e+008     3.180e+006
4.000e-001    -5.090e+003     2.110e+004     3.950e+005    -4.210e+005     1.200e+007     1.380e+006
5.000e-001    -1.340e+004     2.760e+004     4.170e+005    -6.180e+005     1.220e+007     2.390e+006
6.000e-001    -1.600e+004     3.270e+004     4.880e+005    -6.920e+005     1.490e+007     4.020e+006
7.000e-001    -1.340e+004     4.150e+004     6.150e+005    -7.480e+005     2.230e+007     4.840e+006
8.000e-001    -1.090e+004     8.920e+004     8.210e+005    -1.110e+006     3.540e+007     2.630e+006
9.000e-001     2.480e+004     3.770e+005     1.120e+006    -2.920e+006     5.900e+007    -7.020e+006
1.000e+000     2.730e+004     7.750e+005     5.790e+005    -5.090e+006     3.820e+007    -1.020e+007
1.100e+000     4.010e+003     7.770e+005     3.050e+005    -4.620e+006     1.870e+007    -5.870e+006
1.200e+000    -5.990e+003     7.650e+005     2.440e+005    -4.120e+006     1.200e+007    -2.770e+006
1.300e+000    -1.060e+004     7.780e+005     2.520e+005    -3.780e+006     9.370e+006    -5.600e+005
1.400e+000    -1.310e+004     7.900e+005     2.580e+005    -3.600e+006     8.130e+006     9.150e+005
1.500e+000    -1.240e+004     7.970e+005     2.380e+005    -3.420e+006     7.180e+006     1.930e+006
1.600e+000    -1.390e+004     8.280e+005     2.710e+005    -2.920e+006     7.490e+006     2.590e+006
1.700e+000    -1.290e+004     8.260e+005     2.860e+005    -3.140e+006     7.510e+006     2.900e+006
1.800e+000    -1.180e+004     8.260e+005     2.900e+005    -3.060e+006     7.660e+006     3.050e+006
1.900e+000    -8.640e+003     8.190e+005     9.240e+004    -2.950e+006     3.010e+006     7.840e+005
2.000e+000    -1.100e+004     8.220e+005     3.020e+005    -2.840e+006     8.170e+006     2.630e+006
105
1.000e-001     2.500e+002     7.240e+002     4.290e+004     3.980e+003     7.700e+005     1.430e+005
2.000e-001     2.450e+002     4.600e+003     1.500e+005    -5.330e+003     4.200e+006     7.150e+005
3.000e-001     1.580e+002     9.180e+003     3.200e+005    -1.750e+005     9.650e+006     1.600e+006
4.000e-001    -3.450e+003     4.040e+003     3.850e+005    -2.690e+005     1.220e+007     1.810e+006
5.000e-001     1.120e+003    -1.680e+004     5.650e+005    -1.830e+005     1.600e+007     2.590e+006
6.000e-001     1.950e+004    -5.450e+004     1.060e+006    -2.290e+004     2.920e+007     2.340e+006
7.000e-001     3.130e+004     5.970e+005     2.550e+006    -3.190e+006     8.800e+007    -3.980e+006
8.000e-001    -5.950e+004     1.060e+006     7.320e+005    -4.790e+006     3.150e+007    -1.050e+007
9.000e-001    -3.850e+004     7.460e+005     2.910e+005    -3.240e+006     8.560e+006    -4.170e+006
1.000e+000    -4.620e+004     8.330e+005     2.750e+005    -3.080e+006     5.130e+006     7.040e+005
1.100e+000    -4.390e+004     9.230e+005     2.240e+005    -3.030e+006     3.130e+006     5.010e+006
1.200e+000    -4.140e+004     1.000e+006     1.440e+005    -3.020e+006     1.740e+006     5.300e+006
1.300e+000    -4.000e+004     1.020e+006     2.650e+005    -2.940e+006     6.720e+006     5.170e+006
1.400e+000    -3.950e+004     1.110e+006     2.790e+005    -2.920e+006     7.790e+006     5.020e+006
1.500e+000    -5.660e+004     1.140e+006     9.100e+004    -2.640e+006     3.080e+006     3.800e+006
1.600e+000    -4.350e+004     1.120e+006     3.010e+005    -2.800e+006     8.340e+006     3.610e+006
1.700e+000    -1.020e+005     1.150e+006    -1.370e+005    -2.680e+006    -1.070e+007    -1.440e+005
1.800e+000    -6.260e+004     1.160e+006     2.610e+005    -2.520e+006     6.090e+006     4.610e+006
1.900e+000    -6.760e+004     1.120e+006     2.220e+005    -2.530e+006     4.490e+006     3.020e+006
2.000e+000    -9.320e+004     1.180e+006     8.020e+004    -2.540e+006    -3.660e+006     5.050e+006
120
1.000e-001     1.990e+002     6.450e+002     4.080e+004     3.740e+003     7.690e+005     1.430e+005
2.000e-001     5.580e+002     3.700e+003     1.510e+005    -4.070e+003     4.370e+006     6.860e+005
3.000e-001     2.770e+003     2.840e+003     2.920e+005    -1.150e+005     9.900e+006     1.400e+006
4.000e-001     7.830e+003    -1.200e+004     4.270e+005    -8.930e+004     1.280e+007     1.530e+006
5.000e-001     2.780e+004    -5.480e+004     9.140e+005     5.700e+004     1.930e+007     2.070e+006
6.000e-001    -6.920e+004     4.870e+005     3.170e+006    -2.080e+006     8.390e+007     3.700e+006
7.000e-001    -1.740e+005     8.920e+005     5.120e+005    -3.000e+006     2.090e+007    -4.870e+006
8.000e-001    -9.650e+004     7.210e+005     1.260e+005    -2.360e+006     3.540e+006     3.660e+006
9.000e-001    -6.820e+004     8.320e+005     1.290e+005    -2.640e+006     3.960e+006     7.770e+006
1.000e+000    -5.830e+004     9.350e+005     1.780e+005    -2.780e+006     6.960e+006     6.830e+006
1.100e+000    -5.600e+004     9.460e+005     1.890e+005    -2.580e+006     7.570e+006     6.440e+006
1.200e+000    -6.630e+004     9.810e+005     2.080e+005    -2.470e+006     6.590e+006     6.370e+006
1.300e+000    -7.030e+004     1.020e+006     2.020e+005    -2.460e+006     6.170e+006     6.540e+006
1.400e+000    -7.050e+004     1.000e+006     2.200e+005    -2.280e+006     5.650e+006     6.490e+006
1.500e+000    -8.860e+004     1.030e+006     1.150e+005    -2.040e+006     7.670e+005     6.400e+006
1.600e+000    -1.250e+005     1.010e+006    -8.000e+004    -2.490e+006    -9.350e+006     4.970e+005
1.700e+000    -1.110e+005     1.010e+006     1.430e+005    -2.290e+006    -3.850e+005     2.660e+006
1.800e+000    -1.300e+005     1.010e+006     1.550e+005    -2.190e+006    -1.100e+005     4.900e+006
1.900e+000    -1.800e+005     9.630e+005     9.880e+004    -2.250e+006    -3.790e+006     3.530e+006
2.000e+000    -1.930e+005     1.010e+006     1.150e+005    -2.410e+006    -4.310e+006     4.170e+006
135
1.000e-001     1.360e+002     5.230e+002     3.800e+004     3.160e+003     7.590e+005     1.260e+005
2.000e-001     1.060e+003     2.620e+003     1.490e+005    -1.870e+003     4.500e+006     5.560e+005
3.000e-001     6.720e+003    -1.260e+003     2.770e+005    -6.520e+004     1.010e+007     1.030e+006
4.000e-001     2.190e+004    -2.130e+004     5.150e+005     1.470e+004     1.290e+007     1.150e+006
5.000e-001     9.100e+003    -1.630e+004     1.670e+006    -2.160e+005     2.570e+007     3.520e+006
6.000e-001    -3.400e+005     8.250e+005     1.340e+006    -2.190e+006     4.730e+007    -2.910e+006
7.000e-001    -1.470e+005     5.960e+005     3.050e+004    -1.770e+006     1.170e+006     4.040e+006
8.000e-001    -8.350e+004     6.700e+005     7.200e+004    -2.150e+006     3.860e+006     7.400e+006
9.000e-001    -7.150e+004     7.430e+005     1.150e+005    -2.200e+006     6.800e+006     5.790e+006
1.000e+000    -7.690e+004     7.540e+005     1.090e+005    -2.010e+006     5.500e+006     6.050e+006
1.100e+000    -7.620e+004     7.090e+005     9.850e+004    -1.800e+006     3.930e+006     8.420e+006
1.200e+000    -2.740e+005     9.630e+005    -9.510e+005    -1.970e+006    -5.150e+007     1.080e+007
1.300e+000    -8.970e+004     7.940e+005     1.650e+005    -1.770e+006     4.340e+006     5.960e+006
1.400e+000    -1.340e+005     7.580e+005    -1.560e+005    -1.360e+006    -1.420e+007     7.170e+006
1.500e+000    -1.190e+005     8.090e+005     1.140e+005    -1.610e+006     1.240e+005     5.230e+006
1.600e+000    -1.510e+005     7.790e+005     3.100e+004    -1.690e+006    -5.360e+006     3.490e+006
1.700e+000    -1.880e+005     7.470e+005     5.510e+004    -1.730e+006    -5.780e+006     4.910e+006
1.800e+000    -2.080e+005     7.530e+005     7.830e+004    -1.990e+006    -6.560e+006     1.210e+006
1.900e+000    -4.370e+005     6.590e+005    -4.440e+005    -1.530e+006    -4.190e+007     7.990e+006
2.000e+000    -5.770e+005     6.840e+005    -2.380e+005    -2.440e+006    -3.540e+007     1.080e+006
150
1.000e-001     7.810e+001     3.680e+002     3.510e+004     2.300e+003     7.460e+005     9.370e+004
2.000e-001     1.630e+003     1.580e+003     1.450e+005     1.690e+002     4.590e+006     3.720e+005
3.000e-001     1.060e+004    -2.690e+003     2.670e+005    -2.980e+004     1.010e+007     6.420e+005
4.000e-001     2.870e+004    -2.020e+004     6.180e+005     2.830e+004     1.200e+007     8.870e+005
5.000e-001    -1.290e+005     1.170e+005     2.910e+006    -5.450e+005     4.840e+007     5.260e+006
6.000e-001    -2.730e+005     4.520e+005     2.700e+005    -1.120e+006     1.130e+007     4.100e+005
7.000e-001    -9.130e+004     4.310e+005    -1.440e+005    -1.350e+006     1.220e+006     5.380e+006
8.000e-001    -8.090e+004     4.910e+005     6.570e+004    -1.510e+006     5.710e+006     4.820e+006
9.000e-001    -8.350e+004     5.080e+005     7.810e+004    -1.370e+006     4.590e+006     4.830e+006
1.000e+000    -8.130e+004     5.320e+005     8.970e+004    -1.280e+006     4.230e+006     5.950e+006
1.100e+000    -8.080e+004     5.280e+005     1.200e+005    -1.190e+006     4.350e+006     5.880e+006
1.200e+000    -1.300e+005     5.710e+005    -1.490e+005    -1.120e+006    -9.440e+006     4.910e+006
1.300e+000    -1.440e+005     5.180e+005    -1.180e+005    -1.140e+006    -1.170e+007     4.560e+006
1.400e+000    -1.310e+005     5.630e+005     5.210e+004    -1.110e+006    -3.620e+006     5.300e+006
1.500e+000    -1.340e+005     5.220e+005     7.950e+004    -1.080e+006    -2.620e+006     3.900e+006
1.600e+000    -1.740e+005     5.190e+005     3.280e+004    -1.230e+006    -6.890e+006     3.550e+006
1.700e+000    -2.710e+005     4.770e+005    -1.190e+005    -1.250e+006    -1.820e+007     3.240e+006
1.800e+000    -2.900e+005     3.890e+005    -1.090e+005    -1.400e+006    -2.350e+007    -5.000e+006
1.900e+000    -2.570e+005     3.420e+005     2.940e+005    -1.940e+006     6.270e+006    -6.570e+006
2.000e+000    -2.860e+005    -7.200e+004     2.920e+005    -1.770e+006    -4.410e+006     1.550e+006
165
1.000e-001     3.790e+001     1.900e+002     3.300e+004     1.240e+003     7.350e+005     5.000e+004
2.000e-001     2.080e+003     7.200e+002     1.410e+005     9.390e+002     4.630e+006     1.790e+005
3.000e-001     1.320e+004    -1.930e+003     2.620e+005    -1.000e+004     1.000e+007     3.060e+005
4.000e-001     2.790e+004    -1.150e+004     7.040e+005     1.080e+004     1.090e+007     5.390e+005
5.000e-001    -3.300e+005     1.530e+005     3.620e+006    -4.010e+005     7.200e+007     3.190e+006
6.000e-001    -2.240e+005     2.130e+005     4.010e+004    -5.470e+005     2.860e+006     1.280e+006
7.000e-001    -9.300e+004     2.280e+005     5.820e+003    -7.330e+005     3.080e+006     2.860e+006
8.000e-001    -8.160e+004     2.530e+005     2.910e+004    -7.480e+005     5.210e+006     2.380e+006
9.000e-001    -8.640e+004     2.650e+005     5.070e+004    -6.740e+005     3.190e+006     2.940e+006
1.000e+000    -7.950e+004     2.640e+005     7.810e+004    -6.420e+005     3.540e+006     3.100e+006
1.100e+000    -1.600e+005     3.040e+005    -2.530e+005    -7.000e+005    -1.570e+007     9.970e+005
1.200e+000    -1.410e+005     2.870e+005    -1.620e+005    -6.530e+005    -1.370e+007     2.330e+006
1.300e+000    -1.080e+005     2.710e+005     1.520e+004    -5.070e+005    -2.580e+006     2.190e+006
1.400e+000    -1.140e+005     2.540e+005     7.980e+004    -5.310e+005    -8.500e+005     1.680e+006
1.500e+000    -1.530e+005     2.560e+005     1.380e+004    -5.970e+005    -6.820e+006     2.030e+006
1.600e+000    -2.050e+005     2.450e+005    -4.210e+004    -7.320e+005    -1.240e+007    -1.050e+005
1.700e+000    -5.080e+005     4.280e+005    -7.120e+005    -2.020e+006    -6.340e+007    -2.440e+007
1.800e+000    -2.080e+005     1.190e+005     1.190e+005    -6.810e+005    -7.860e+006    -1.960e+006
1.900e+000    -5.640e+005    -1.120e+005     9.830e+005    -1.310e+006     4.310e+007     4.560e+006
2.000e+000    -3.630e+005     1.380e+005     4.590e+005     1.840e+004     4.330e+006    -2.210e+007
180
1.000e-001     2.360e+001    -1.400e-001     3.230e+004     7.970e+001     7.310e+005     2.470e+001
2.000e-001     2.250e+003    -2.490e-001     1.400e+005     3.690e+002     4.640e+006     2.480e+002
3.000e-001     1.420e+004    -3.580e+000     2.610e+005     2.860e+002     9.960e+006     1.350e+002
4.000e-001     2.630e+004     2.680e+001     7.390e+005     1.150e+003     1.040e+007     2.820e+003
5.000e-001    -4.100e+005     7.000e+002     3.660e+006     1.180e+004     7.760e+007     2.950e+004
6.000e-001    -2.100e+005     1.330e+002    -1.610e+003     1.040e+003     1.390e+006     2.750e+003
7.000e-001    -9.090e+004     6.710e+003    -2.920e+005    -5.140e+004     7.930e+005    -3.550e+005
8.000e-001    -8.560e+004     4.690e+001     4.850e+004     1.560e+003     4.960e+006    -9.540e+003
9.000e-001    -8.660e+004     3.600e+002     4.510e+004     2.250e+003     3.010e+006    -9.150e+003
1.000e+000    -7.730e+004     3.020e+003     6.920e+004    -6.810e+003     2.790e+006    -1.190e+005
1.100e+000    -1.180e+005     7.220e+003    -4.400e+004    -3.890e+004    -1.350e+006    -4.730e+005
1.200e+000    -9.090e+004     1.340e+003     1.000e+005    -3.020e+003     1.810e+006    -8.430e+004
1.300e+000    -9.920e+004     9.440e+002     6.300e+004    -8.140e+003    -1.570e+006    -3.410e+005
1.400e+000    -1.090e+005    -1.600e+003     6.850e+004    -5.900e+003    -2.220e+006    -3.480e+005
1.500e+000    -1.450e+005    -3.920e+003     3.280e+004     1.270e+004    -5.970e+006     5.250e+004
1.600e+000    -2.670e+005    -1.270e+004    -1.620e+005     1.340e+005    -2.020e+007     2.200e+006
1.700e+000    -1.050e+006     2.730e+005    -5.710e+005     6.690e+005    -5.720e+007     3.500e+005
1.800e+000    -1.030e+006     4.200e+005     2.050e+005     5.830e+005    -7.840e+006    -2.360e+007
1.900e+000    -3.760e+005    -4.200e+005     1.520e+005    -1.170e+006    -1.700e+007     7.420e+006
2.000e+000    -1.760e+006    -4.310e+005    -1.220e+006     6.380e+005    -1.370e+008     4.620e+007
