13 20
0
1.000e-001    -9.130e+001    -3.010e-001     3.850e+004     1.130e+002     9.960e+005     5.720e+000
2.000e-001    -1.890e+002    -1.510e+000     1.450e+005     5.370e+002     4.550e+006     1.160e+001
3.000e-001     7.240e+002    -2.550e+000     3.080e+005     1.120e+003     9.730e+006     1.930e+002
4.000e-001     1.160e+003    -2.220e+000     4.720e+005     1.540e+003     1.380e+007     1.410e+003
5.000e-001     0.000e+000     0.000e+000     0.000e+000     0.000e+000     0.000e+000     0.000e+000
6.000e-001     0.000e+000     0.000e+000     0.000e+000     0.000e+000     0.000e+000     0.000e+000
7.000e-001     0.000e+000     0.000e+000     0.000e+000     0.000e+000     0.000e+000     0.000e+000
8.000e-001     0.000e+000     0.000e+000     0.000e+000     0.000e+000     0.000e+000     0.000e+000
9.000e-001     0.000e+000     0.000e+000     0.000e+000     0.000e+000     0.000e+000     0.000e+000
1.000e+000     0.000e+000     0.000e+000     0.000e+000     0.000e+000     0.000e+000     0.000e+000
1.100e+000     0.000e+000     0.000e+000     0.000e+000     0.000e+000     0.000e+000     0.000e+000
1.200e+000     0.000e+000     0.000e+000     0.000e+000     0.000e+000     0.000e+000     0.000e+000
1.300e+000     0.000e+000     0.000e+000     0.000e+000     0.000e+000     0.000e+000     0.000e+000
1.400e+000     0.000e+000     0.000e+000     0.000e+000     0.000e+000     0.000e+000     0.000e+000
1.500e+000     0.000e+000     0.000e+000     0.000e+000     0.000e+000     0.000e+000     0.000e+000
1.600e+000     0.000e+000     0.000e+000     0.000e+000     0.000e+000     0.000e+000     0.000e+000
1.700e+000     0.000e+000     0.000e+000     0.000e+000     0.000e+000     0.000e+000     0.000e+000
1.800e+000     0.000e+000     0.000e+000     0.000e+000     0.000e+000     0.000e+000     0.000e+000
1.900e+000     0.000e+000     0.000e+000     0.000e+000     0.000e+000     0.000e+000     0.000e+000
2.000e+000     0.000e+000     0.000e+000     0.000e+000     0.000e+000     0.000e+000     0.000e+000
15
1.000e-001    -6.380e+001     3.110e+002     3.940e+004     8.600e+002     1.000e+006     1.160e+004
2.000e-001    -1.470e+002     2.030e+003     1.470e+005    -2.590e+002     4.630e+006    -8.030e+004
3.000e-001     8.660e+002     5.810e+003     3.070e+005    -1.710e+004     1.000e+007    -9.300e+005
4.000e-001     1.360e+003     8.190e+003     4.490e+005    -5.430e+004     1.440e+007    -3.800e+006
5.000e-001     0.000e+000     0.000e+000     0.000e+000     0.000e+000     0.000e+000     0.000e+000
6.000e-001     0.000e+000     0.000e+000     0.000e+000     0.000e+000     0.000e+000     0.000e+000
7.000e-001     0.000e+000     0.000e+000     0.000e+000     0.000e+000     0.000e+000     0.000e+000
8.000e-001     0.000e+000     0.000e+000     0.000e+000     0.000e+000     0.000e+000     0.000e+000
9.000e-001     0.000e+000     0.000e+000     0.000e+000     0.000e+000     0.000e+000     0.000e+000
1.000e+000     0.000e+000     0.000e+000     0.000e+000     0.000e+000     0.000e+000     0.000e+000
1.100e+000     0.000e+000     0.000e+000     0.000e+000     0.000e+000     0.000e+000     0.000e+000
1.200e+000     0.000e+000     0.000e+000     0.000e+000     0.000e+000     0.000e+000     0.000e+000
1.300e+000     0.000e+000     0.000e+000     0.000e+000     0.000e+000     0.000e+000     0.000e+000
1.400e+000     0.000e+000     0.000e+000     0.000e+000     0.000e+000     0.000e+000     0.000e+000
1.500e+000     0.000e+000     0.000e+000     0.000e+000     0.000e+000     0.000e+000     0.000e+000
1.600e+000     0.000e+000     0.000e+000     0.000e+000     0.000e+000     0.000e+000     0.000e+000
1.700e+000     0.000e+000     0.000e+000     0.000e+000     0.000e+000     0.000e+000     0.000e+000
1.800e+000     0.000e+000     0.000e+000     0.000e+000     0.000e+000     0.000e+000     0.000e+000
1.900e+000     0.000e+000     0.000e+000     0.000e+000     0.000e+000     0.000e+000     0.000e+000
2.000e+000     0.000e+000     0.000e+000     0.000e+000     0.000e+000     0.000e+000     0.000e+000
30
1.000e-001     9.540e+000     6.020e+002     4.200e+004     1.710e+003     1.020e+006     3.040e+004
2.000e-001    -4.880e+001     4.080e+003     1.530e+005    -8.170e+002     4.850e+006    -6.270e+004
3.000e-001     1.230e+003     1.230e+004     3.080e+005    -3.770e+004     1.090e+007    -1.240e+006
4.000e-001     2.580e+003     1.910e+004     4.130e+005    -1.010e+005     1.640e+007    -5.140e+006
5.000e-001     6.610e+002     1.620e+004     4.210e+005    -1.940e+005     1.920e+007    -1.370e+007
6.000e-001     0.000e+000     0.000e+000     0.000e+000     0.000e+000     0.000e+000     0.000e+000
7.000e-001     0.000e+000     0.000e+000     0.000e+000     0.000e+000     0.000e+000     0.000e+000
8.000e-001     0.000e+000     0.000e+000     0.000e+000     0.000e+000     0.000e+000     0.000e+000
9.000e-001     0.000e+000     0.000e+000     0.000e+000     0.000e+000     0.000e+000     0.000e+000
1.000e+000     0.000e+000     0.000e+000     0.000e+000     0.000e+000     0.000e+000     0.000e+000
1.100e+000     0.000e+000     0.000e+000     0.000e+000     0.000e+000     0.000e+000     0.000e+000
1.200e+000     0.000e+000     0.000e+000     0.000e+000     0.000e+000     0.000e+000     0.000e+000
1.300e+000     0.000e+000     0.000e+000     0.000e+000     0.000e+000     0.000e+000     0.000e+000
1.400e+000     0.000e+000     0.000e+000     0.000e+000     0.000e+000     0.000e+000     0.000e+000
1.500e+000     0.000e+000     0.000e+000     0.000e+000     0.000e+000     0.000e+000     0.000e+000
1.600e+000     0.000e+000     0.000e+000     0.000e+000     0.000e+000     0.000e+000     0.000e+000
1.700e+000     0.000e+000     0.000e+000     0.000e+000     0.000e+000     0.000e+000     0.000e+000
1.800e+000     0.000e+000     0.000e+000     0.000e+000     0.000e+000     0.000e+000     0.000e+000
1.900e+000     0.000e+000     0.000e+000     0.000e+000     0.000e+000     0.000e+000     0.000e+000
2.000e+000     0.000e+000     0.000e+000     0.000e+000     0.000e+000     0.000e+000     0.000e+000
45
1.000e-001     1.050e+002     8.540e+002     4.550e+004     2.660e+003     1.050e+006     5.950e+004
2.000e-001     4.310e+001     6.100e+003     1.610e+005    -1.840e+003     5.210e+006     9.660e+004
3.000e-001     1.450e+003     1.920e+004     3.200e+005    -6.970e+004     1.210e+007    -7.030e+005
4.000e-001     4.940e+003     3.380e+004     4.180e+005    -2.040e+005     1.950e+007    -3.680e+006
5.000e-001     5.680e+003     3.700e+004     3.720e+005    -3.010e+005     2.470e+007    -9.970e+006
6.000e-001     6.750e+002     2.350e+004     1.640e+005    -2.770e+005     2.460e+007    -1.750e+007
7.000e-001     0.000e+000     0.000e+000     0.000e+000     0.000e+000     0.000e+000     0.000e+000
8.000e-001     0.000e+000     0.000e+000     0.000e+000     0.000e+000     0.000e+000     0.000e+000
9.000e-001     0.000e+000     0.000e+000     0.000e+000     0.000e+000     0.000e+000     0.000e+000
1.000e+000     0.000e+000     0.000e+000     0.000e+000     0.000e+000     0.000e+000     0.000e+000
1.100e+000     0.000e+000     0.000e+000     0.000e+000     0.000e+000     0.000e+000     0.000e+000
1.200e+000     0.000e+000     0.000e+000     0.000e+000     0.000e+000     0.000e+000     0.000e+000
1.300e+000     0.000e+000     0.000e+000     0.000e+000     0.000e+000     0.000e+000     0.000e+000
1.400e+000     0.000e+000     0.000e+000     0.000e+000     0.000e+000     0.000e+000     0.000e+000
1.500e+000     0.000e+000     0.000e+000     0.000e+000     0.000e+000     0.000e+000     0.000e+000
1.600e+000     0.000e+000     0.000e+000     0.000e+000     0.000e+000     0.000e+000     0.000e+000
1.700e+000     0.000e+000     0.000e+000     0.000e+000     0.000e+000     0.000e+000     0.000e+000
1.800e+000     0.000e+000     0.000e+000     0.000e+000     0.000e+000     0.000e+000     0.000e+000
1.900e+000     0.000e+000     0.000e+000     0.000e+000     0.000e+000     0.000e+000     0.000e+000
2.000e+000     0.000e+000     0.000e+000     0.000e+000     0.000e+000     0.000e+000     0.000e+000
60
1.000e-001     1.930e+002     1.050e+003     4.890e+004     3.630e+003     1.080e+006     9.670e+004
2.000e-001     6.550e+001     7.900e+003     1.730e+005    -4.430e+003     5.640e+006     3.720e+005
3.000e-001     8.790e+002     2.460e+004     3.420e+005    -1.120e+005     1.330e+007     5.570e+005
4.000e-001     4.060e+003     4.480e+004     4.740e+005    -3.230e+005     2.260e+007     1.330e+006
5.000e-001     7.730e+003     5.460e+004     6.330e+005    -4.840e+005     3.660e+007     3.130e+006
6.000e-001     9.860e+003     4.700e+004     6.570e+005    -5.610e+005     4.560e+007    -1.580e+006
7.000e-001     1.010e+004     2.550e+004     2.620e+005    -5.280e+005     3.590e+007    -1.070e+007
8.000e-001     9.720e+003     1.210e+003    -2.000e+004    -3.630e+005     2.530e+007    -1.300e+007
9.000e-001     1.390e+004    -8.860e+002    -1.050e+005    -1.920e+005     1.690e+007    -7.750e+006
1.000e+000     0.000e+000     0.000e+000     0.000e+000     0.000e+000     0.000e+000     0.000e+000
1.100e+000     0.000e+000     0.000e+000     0.000e+000     0.000e+000     0.000e+000     0.000e+000
1.200e+000     0.000e+000     0.000e+000     0.000e+000     0.000e+000     0.000e+000     0.000e+000
1.300e+000     0.000e+000     0.000e+000     0.000e+000     0.000e+000     0.000e+000     0.000e+000
1.400e+000     0.000e+000     0.000e+000     0.000e+000     0.000e+000     0.000e+000     0.000e+000
1.500e+000     0.000e+000     0.000e+000     0.000e+000     0.000e+000     0.000e+000     0.000e+000
1.600e+000     0.000e+000     0.000e+000     0.000e+000     0.000e+000     0.000e+000     0.000e+000
1.700e+000     0.000e+000     0.000e+000     0.000e+000     0.000e+000     0.000e+000     0.000e+000
1.800e+000     0.000e+000     0.000e+000     0.000e+000     0.000e+000     0.000e+000     0.000e+000
1.900e+000     0.000e+000     0.000e+000     0.000e+000     0.000e+000     0.000e+000     0.000e+000
2.000e+000     0.000e+000     0.000e+000     0.000e+000     0.000e+000     0.000e+000     0.000e+000
75
1.000e-001     2.510e+002     1.170e+003     5.150e+004     4.440e+003     1.120e+006     1.360e+005
2.000e-001     1.420e+001     9.100e+003     1.840e+005    -8.440e+003     6.060e+006     6.860e+005
3.000e-001    -7.290e+002     2.520e+004     3.690e+005    -1.190e+005     1.450e+007     2.490e+006
4.000e-001     1.130e+003     5.520e+004     7.400e+005    -9.680e+005     2.080e+007    -8.930e+006
5.000e-001    -1.890e+003     6.740e+004     5.030e+005    -1.140e+006     1.640e+007    -4.510e+006
6.000e-001    -2.840e+003     7.550e+004     3.930e+005    -1.290e+006     1.340e+007    -3.060e+006
7.000e-001     5.010e+002     7.350e+004     2.790e+005    -1.180e+006     1.160e+007    -1.370e+006
8.000e-001     8.260e+003     6.220e+004     1.780e+005    -8.360e+005     1.190e+007    -4.000e+004
9.000e-001     1.700e+004     4.750e+004     9.990e+004    -4.200e+005     1.290e+007     3.930e+005
1.000e+000     2.280e+004     3.630e+004     4.810e+004    -1.840e+005     1.250e+007    -3.310e+004
1.100e+000     2.460e+004     2.830e+004     2.170e+004    -2.740e+005     9.550e+006    -8.540e+005
1.200e+000     2.380e+004     1.650e+004     1.380e+004    -5.270e+005     5.530e+006    -1.700e+006
1.300e+000     2.250e+004    -6.670e+001     1.600e+004    -5.840e+005     3.410e+006    -2.430e+006
1.400e+000     2.190e+004    -1.080e+004     2.820e+004    -3.330e+005     4.260e+006    -2.600e+006
1.500e+000     2.270e+004    -9.770e+003     5.360e+004    -6.160e+004     6.240e+006    -1.630e+006
1.600e+000     2.500e+004    -3.640e+003     7.390e+004    -3.760e+004     7.570e+006     1.090e+005
1.700e+000     2.700e+004     4.690e+002     1.100e+005    -3.440e+005     1.110e+007     1.610e+006
1.800e+000     2.660e+004    -1.170e+004    -1.730e+004     3.510e+005     4.670e+006    -1.040e+006
1.900e+000     2.360e+004    -1.750e+004    -3.990e+004     2.960e+005     4.530e+006    -7.080e+005
2.000e+000     2.450e+004    -1.340e+004    -2.800e+004     3.070e+005     5.210e+006     2.300e+005
90
1.000e-001     2.680e+002     1.210e+003     5.250e+004     4.940e+003     1.160e+006     1.690e+005
2.000e-001    -8.520e+000     9.340e+003     1.940e+005    -1.210e+004     6.450e+006     9.460e+005
3.000e-001     7.230e+003    -4.600e+004     2.660e+007     3.970e+006     7.750e+008     7.130e+007
4.000e-001    -7.470e+003     3.030e+004     4.190e+005    -6.160e+005     1.400e+007    -3.700e+005
5.000e-001    -1.690e+004     3.550e+004     4.120e+005    -7.840e+005     1.230e+007     1.410e+006
6.000e-001    -1.960e+004     3.980e+004     4.770e+005    -8.410e+005     1.430e+007     3.580e+006
7.000e-001    -1.600e+004     4.410e+004     6.050e+005    -8.630e+005     2.130e+007     4.680e+006
8.000e-001    -1.290e+004     7.410e+004     8.240e+005    -1.110e+006     3.370e+007     2.890e+006
9.000e-001     2.880e+004     3.220e+005     1.250e+006    -2.670e+006     6.240e+007    -6.660e+006
1.000e+000     3.940e+004     7.900e+005     6.870e+005    -5.230e+006     4.420e+007    -1.160e+007
1.100e+000     9.480e+003     7.880e+005     3.300e+005    -4.700e+006     2.050e+007    -6.560e+006
1.200e+000    -3.280e+003     7.690e+005     2.510e+005    -4.150e+006     1.280e+007    -3.130e+006
1.300e+000    -9.130e+003     7.790e+005     2.550e+005    -3.790e+006     9.730e+006    -7.710e+005
1.400e+000    -1.220e+004     7.900e+005     2.600e+005    -3.610e+006     8.330e+006     7.800e+005
1.500e+000    -1.170e+004     7.970e+005     2.380e+005    -3.420e+006     7.280e+006     1.850e+006
1.600e+000    -1.360e+004     8.290e+005     2.710e+005    -2.930e+006     7.560e+006     2.540e+006
1.700e+000    -1.270e+004     8.260e+005     2.860e+005    -3.140e+006     7.540e+006     2.860e+006
1.800e+000    -1.170e+004     8.260e+005     2.900e+005    -3.070e+006     7.680e+006     3.020e+006
1.900e+000    -8.580e+003     8.190e+005     9.180e+004    -2.960e+006     3.000e+006     7.650e+005
2.000e+000    -1.100e+004     8.230e+005     3.020e+005    -2.840e+006     8.170e+006     2.620e+006
105
1.000e-001     2.460e+002     1.170e+003     5.200e+004     5.030e+003     1.180e+006     1.880e+005
2.000e-001     1.730e+002     8.530e+003     1.990e+005    -1.300e+004     6.780e+006     1.080e+006
3.000e-001    -5.440e+002     1.480e+004     3.590e+005    -3.100e+005     1.270e+007    -1.650e+005
4.000e-001    -5.540e+003     7.780e+003     3.880e+005    -3.570e+005     1.280e+007     1.090e+006
5.000e-001     8.260e+002    -1.740e+004     5.890e+005    -2.280e+005     1.650e+007     2.420e+006
6.000e-001     2.420e+004    -6.270e+004     1.200e+006    -4.520e+004     3.330e+007     2.190e+006
7.000e-001     3.300e+004     8.660e+005     2.890e+006    -4.420e+006     1.070e+008    -8.060e+006
8.000e-001    -5.720e+004     1.050e+006     6.500e+005    -4.590e+006     2.830e+007    -1.060e+007
9.000e-001    -4.160e+004     7.800e+005     2.390e+005    -3.160e+006     1.020e+007    -3.330e+006
1.000e+000    -4.580e+004     8.480e+005     2.820e+005    -3.040e+006     5.480e+006     9.830e+005
1.100e+000    -4.580e+004     9.270e+005     2.600e+005    -3.000e+006     4.640e+006     4.210e+006
1.200e+000    -4.090e+004     1.010e+006     2.580e+005    -3.060e+006     5.780e+006     5.290e+006
1.300e+000    -3.940e+004     1.070e+006     2.790e+005    -3.030e+006     7.160e+006     4.400e+006
1.400e+000    -3.700e+004     1.060e+006     2.930e+005    -2.870e+006     8.520e+006     4.280e+006
1.500e+000    -3.330e+005     1.540e+006    -2.570e+006    -4.630e+006    -9.800e+007    -2.120e+007
1.600e+000    -4.310e+004     1.090e+006     3.000e+005    -2.690e+006     8.240e+006     3.750e+006
1.700e+000    -5.870e+004     1.110e+006     2.670e+005    -2.660e+006     6.170e+006     3.900e+006
1.800e+000    -9.420e+004     1.130e+006    -1.450e+004    -2.950e+006    -7.670e+006     4.200e+006
1.900e+000    -1.520e+005     1.300e+006    -2.820e+005    -2.660e+006    -2.400e+007     6.750e+006
2.000e+000    -6.360e+004     1.150e+006     2.660e+005    -2.740e+006     6.300e+006     1.400e+006
120
1.000e-001     1.950e+002     1.060e+003     5.010e+004     4.680e+003     1.200e+006     1.870e+005
2.000e-001     6.930e+002     6.880e+003     1.990e+005    -1.000e+004     7.030e+006     1.060e+006
3.000e-001     2.500e+003     5.400e+003     3.130e+005    -1.870e+005     1.200e+007     5.530e+005
4.000e-001     8.010e+003    -1.220e+004     4.460e+005    -1.180e+005     1.320e+007     1.340e+006
5.000e-001     3.260e+004    -6.350e+004     1.060e+006     5.220e+004     2.310e+007     2.340e+006
6.000e-001    -1.280e+005     8.590e+005     3.730e+006    -3.340e+006     1.170e+008    -8.960e+005
7.000e-001    -1.540e+005     8.550e+005     3.990e+005    -2.860e+006     1.760e+007    -4.490e+006
8.000e-001    -1.740e+004     6.530e+005    -2.240e+006    -2.350e+006     3.840e+006     1.120e+006
9.000e-001    -7.000e+004     8.540e+005     1.520e+005    -2.560e+006     4.750e+006     7.700e+006
1.000e+000    -5.770e+004     1.070e+006     1.710e+005    -2.960e+006     7.430e+006     5.930e+006
1.100e+000    -1.550e+006     1.730e+006    -2.340e+007    -9.210e+006    -5.860e+008    -1.770e+007
1.200e+000    -6.740e+004     9.440e+005     2.010e+005    -2.290e+006     6.560e+006     6.630e+006
1.300e+000    -7.500e+004     9.890e+005     1.950e+005    -2.330e+006     5.670e+006     6.090e+006
1.400e+000    -7.730e+004     9.870e+005     2.230e+005    -2.250e+006     5.960e+006     6.400e+006
1.500e+000    -2.720e+005     1.070e+006    -9.710e+005    -1.660e+006    -5.200e+007     2.830e+006
1.600e+000    -1.020e+005     9.850e+005     1.640e+005    -2.250e+006     1.360e+006     3.760e+006
1.700e+000    -1.470e+005     1.050e+006     1.060e+005    -2.090e+006    -2.650e+006     5.080e+006
1.800e+000    -1.700e+005     9.970e+005     6.810e+004    -2.000e+006    -4.480e+006     3.340e+006
1.900e+000    -2.290e+005     1.020e+006     4.650e+004    -2.290e+006    -7.140e+006     4.040e+006
2.000e+000    -3.570e+005     1.030e+006    -1.310e+005    -2.630e+006    -1.950e+007     2.040e+006
135
1.000e-001     1.330e+002     8.700e+002     4.730e+004     3.940e+003     1.210e+006     1.660e+005
2.000e-001     1.520e+003     4.850e+003     1.950e+005    -4.030e+003     7.200e+006     9.050e+005
3.000e-001     6.850e+003    -2.540e+002     2.880e+005    -1.020e+005     1.140e+007     5.530e+005
4.000e-001     2.470e+004    -2.510e+004     5.660e+005     1.220e+004     1.370e+007     1.250e+006
5.000e-001     5.540e+003     1.570e+004     2.320e+006    -3.380e+005     4.480e+007     4.680e+006
6.000e-001    -2.980e+005     7.900e+005     8.710e+005    -2.260e+006     3.690e+007    -4.500e+006
7.000e-001    -1.220e+005     5.920e+005     1.100e+004    -1.810e+006     1.260e+006     4.900e+006
8.000e-001    -8.100e+004     6.790e+005     7.790e+004    -1.930e+006     4.840e+006     7.300e+006
9.000e-001    -7.820e+004     6.690e+005     1.030e+005    -2.120e+006     6.090e+006     6.050e+006
1.000e+000    -8.110e+004     7.650e+005     1.230e+005    -1.930e+006     5.710e+006     6.000e+006
1.100e+000    -2.120e+005     7.950e+005    -4.740e+005    -2.070e+006    -2.510e+007    -1.050e+006
1.200e+000    -1.200e+005     7.670e+005    -6.600e+004    -1.740e+006    -8.390e+006     5.740e+006
1.300e+000    -1.610e+005     8.240e+005    -1.850e+005    -1.770e+006    -1.640e+007     7.590e+006
1.400e+000    -1.140e+005     7.860e+005     1.210e+005    -1.570e+006     1.560e+006     4.660e+006
1.500e+000    -1.350e+005     7.810e+005     7.750e+004    -1.630e+006    -2.330e+006     5.620e+006
1.600e+000    -1.650e+005     7.660e+005     6.450e+004    -1.800e+006    -3.890e+006     1.470e+006
1.700e+000    -2.070e+005     6.950e+005     5.480e+004    -1.750e+006    -7.110e+006     3.440e+006
1.800e+000    -1.360e+006     5.560e+005    -3.950e+006    -2.310e+006    -2.440e+008    -1.160e+007
1.900e+000    -2.500e+005     6.220e+005     1.130e+005    -1.970e+006    -9.010e+006    -1.380e+006
2.000e+000    -4.600e+005     2.350e+005     1.530e+005    -6.870e+005    -6.220e+006     1.020e+007
150
1.000e-001     7.590e+001     6.190e+002     4.460e+004     2.870e+003     1.210e+006     1.240e+005
2.000e-001     2.420e+003     2.920e+003     1.890e+005     1.850e+003     7.280e+006     6.530e+005
3.000e-001     1.100e+004    -2.370e+003     2.770e+005    -4.730e+004     1.090e+007     4.060e+005
4.000e-001     3.250e+004    -2.480e+004     7.100e+005     2.970e+004     1.340e+007     1.100e+006
5.000e-001    -2.460e+005     2.900e+005     4.170e+006    -9.140e+005     9.910e+007     5.080e+006
6.000e-001    -2.310e+005     4.340e+005     1.550e+005    -1.160e+006     8.680e+006     6.500e+005
7.000e-001    -9.890e+004     4.340e+005     1.150e+004    -1.320e+006     2.820e+006     5.200e+006
8.000e-001    -8.050e+004     5.000e+005     7.960e+004    -1.460e+006     6.170e+006     4.550e+006
9.000e-001    -8.600e+004     5.120e+005     7.790e+004    -1.320e+006     4.770e+006     4.770e+006
1.000e+000    -8.150e+004     5.120e+005     9.030e+004    -1.200e+006     4.100e+006     5.700e+006
1.100e+000    -8.750e+004     5.330e+005     1.200e+005    -1.200e+006     4.500e+006     5.820e+006
1.200e+000    -1.050e+005     5.300e+005     5.690e+004    -1.150e+006    -4.390e+005     5.500e+006
1.300e+000    -1.110e+005     4.850e+005     7.330e+004    -1.080e+006     4.900e+004     4.260e+006
1.400e+000    -1.470e+005     5.390e+005    -2.220e+003    -9.880e+005    -6.780e+006     4.930e+006
1.500e+000    -1.720e+005     4.700e+005     2.390e+004    -1.110e+006    -6.760e+006     3.730e+006
1.600e+000    -2.470e+005     5.120e+005    -8.250e+004    -1.390e+006    -1.530e+007     1.660e+006
1.700e+000    -2.760e+005     4.000e+005     2.780e+004    -1.910e+006    -1.340e+007    -9.550e+005
1.800e+000    -1.550e+006    -3.440e+005    -1.230e+006    -1.800e+006    -1.160e+008     1.600e+006
1.900e+000    -1.780e+005    -1.320e+003     4.160e+005    -1.840e+006     8.490e+006     6.350e+006
2.000e+000    -4.260e+006     2.460e+005    -1.110e+006    -3.550e+006    -1.440e+008     2.360e+007
165
1.000e-001     3.690e+001     3.220e+002     4.250e+004     1.560e+003     1.200e+006     6.600e+004
2.000e-001     3.120e+003     1.320e+003     1.830e+005     3.720e+003     7.300e+006     3.430e+005
3.000e-001     1.390e+004    -1.880e+003     2.730e+005    -1.680e+004     1.060e+007     2.130e+005
4.000e-001     3.150e+004    -1.420e+004     8.360e+005     1.010e+004     1.300e+007     7.010e+005
5.000e-001    -5.120e+005     2.790e+005     4.090e+006    -6.370e+005     1.140e+008     1.280e+006
6.000e-001    -1.730e+005     1.860e+005    -9.280e+004    -5.830e+005     1.870e+006     1.270e+006
7.000e-001    -9.060e+004     2.370e+005     2.110e+004    -7.370e+005     3.940e+006     2.850e+006
8.000e-001    -8.440e+004     2.540e+005     6.320e+004    -7.020e+005     5.590e+006     2.360e+006
9.000e-001    -8.500e+004     2.590e+005     5.820e+004    -6.370e+005     3.690e+006     2.940e+006
1.000e+000    -8.060e+004     2.630e+005     8.270e+004    -6.310e+005     3.750e+006     3.060e+006
1.100e+000    -9.010e+004     2.620e+005     9.470e+004    -5.680e+005     3.120e+006     2.740e+006
1.200e+000    -9.680e+004     2.690e+005     1.670e+004    -5.690e+005    -2.740e+006     3.430e+006
1.300e+000    -1.400e+005     2.710e+005    -2.160e+004    -5.680e+005    -6.860e+006     1.520e+006
1.400e+000    -1.350e+005     2.510e+005     5.470e+004    -5.480e+005    -4.060e+006     2.710e+006
1.500e+000    -1.780e+005     2.430e+005    -8.130e+003    -6.180e+005    -1.010e+007     1.730e+006
1.600e+000    -7.580e+005     4.760e+005    -1.260e+006    -1.320e+006    -9.780e+007    -8.990e+006
1.700e+000    -3.090e+005     2.430e+005     1.320e+005    -7.820e+005    -6.020e+006    -8.080e+006
1.800e+000    -9.980e+004     1.460e+005     2.340e+005    -6.660e+005    -1.040e+006     8.780e+005
1.900e+000    -2.300e+005     1.400e+005     4.020e+005    -2.080e+005     1.670e+006    -1.220e+007
2.000e+000     3.790e+004     8.230e+004     2.780e+005    -6.810e+005    -2.520e+006    -3.450e+006
180
1.000e-001     2.310e+001    -3.470e-001     4.180e+004     1.370e+002     1.200e+006     4.460e+001
2.000e-001     3.380e+003    -5.850e-001     1.810e+005     5.980e+002     7.300e+006     5.300e+002
3.000e-001     1.500e+004    -3.300e+000     2.730e+005     2.940e+002     1.050e+007     2.120e+002
4.000e-001     2.970e+004     3.440e+001     8.890e+005     1.410e+003     1.280e+007     3.450e+003
5.000e-001    -5.660e+005     8.440e+002     3.650e+006     1.110e+004     1.070e+008     2.140e+004
6.000e-001    -1.810e+005     1.510e+002    -2.230e+004     1.110e+003     1.120e+006     6.990e+003
7.000e-001    -8.490e+004    -5.820e+002     1.560e+004     4.410e+003     4.520e+006    -9.580e+003
8.000e-001    -8.860e+004     4.720e+002     6.640e+004     1.470e+003     4.930e+006    -2.080e+004
9.000e-001    -8.390e+004     7.600e+002     4.930e+004     1.600e+003     3.230e+006    -2.160e+004
1.000e+000    -8.090e+004     7.220e+002     8.140e+004     1.070e+003     3.530e+006    -5.020e+002
1.100e+000    -8.780e+004     1.480e+003     8.710e+004    -2.010e+003     2.480e+006    -5.170e+004
1.200e+000    -8.870e+004     3.010e+003    -2.870e+003    -5.500e+003    -3.920e+006    -1.590e+005
1.300e+000    -1.120e+005    -3.460e+003     4.090e+004     7.180e+003    -3.270e+006    -3.430e+005
1.400e+000    -1.280e+005    -4.750e+002     5.130e+004    -1.370e+004    -4.050e+006    -4.560e+005
1.500e+000    -1.960e+005    -2.400e+003    -3.610e+004    -2.990e+002    -1.170e+007    -3.730e+005
1.600e+000    -1.100e+006    -2.790e+004    -2.060e+006    -1.440e+005    -1.710e+008     1.170e+007
1.700e+000    -2.120e+005    -3.020e+004     1.980e+005    -1.330e+005    -5.440e+005    -8.070e+005
1.800e+000    -1.060e+005     1.870e+002     1.980e+005     5.150e+004    -3.470e+006    -5.700e+005
1.900e+000    -3.290e+006    -2.740e+005    -1.960e+006     5.810e+005    -1.930e+008     6.210e+007
2.000e+000     1.940e+004     4.660e+004     2.820e+005    -6.610e+003    -2.540e+006    -3.530e+006
