13 20
0
1.000e-001     8.360e-001    -2.430e-002     2.010e+004     4.800e+000     1.270e+005    -2.230e+000
2.000e-001     1.100e+002    -2.760e-002     6.470e+004     2.480e+001     5.180e+005    -1.380e+001
3.000e-001     1.190e+003     7.780e-001     1.340e+005     8.480e+001     1.600e+006    -2.080e+001
4.000e-001     4.260e+003     4.810e+000     2.000e+005     1.250e+003     4.590e+006     1.460e+004
5.000e-001     6.860e+003     9.670e+000     2.420e+005     8.460e+002     1.020e+007     1.510e+003
6.000e-001     5.070e+003     5.970e+000     2.270e+005     1.290e+003     1.380e+007     1.790e+003
7.000e-001     3.730e+003    -9.920e+000     1.210e+005     9.340e+002     9.940e+006     1.300e+003
8.000e-001     6.310e+003    -1.590e+001     4.240e+004     3.240e+002     6.310e+006     1.860e+003
9.000e-001     7.770e+003    -2.750e+001     9.090e+004     3.410e+002     8.090e+006     2.410e+003
1.000e+000     9.940e+003    -3.930e+001     9.700e+004     1.400e+002     7.440e+006     3.030e+003
1.100e+000     1.180e+004    -5.580e+001     1.150e+005    -1.840e+002     7.830e+006     4.200e+003
1.200e+000     1.380e+004    -7.490e+001     1.230e+005    -5.280e+002     7.780e+006     5.630e+003
1.300e+000     1.560e+004    -9.800e+001     1.370e+005    -1.040e+003     8.240e+006     6.960e+003
1.400e+000     1.740e+004    -1.230e+002     1.460e+005    -1.630e+003     8.590e+006     8.880e+003
1.500e+000     1.930e+004    -1.500e+002     1.520e+005    -2.340e+003     8.910e+006     1.110e+004
1.600e+000     0.000e+000     0.000e+000     0.000e+000     0.000e+000     0.000e+000     0.000e+000
1.700e+000     0.000e+000     0.000e+000     0.000e+000     0.000e+000     0.000e+000     0.000e+000
1.800e+000     0.000e+000     0.000e+000     0.000e+000     0.000e+000     0.000e+000     0.000e+000
1.900e+000     0.000e+000     0.000e+000     0.000e+000     0.000e+000     0.000e+000     0.000e+000
2.000e+000     0.000e+000     0.000e+000     0.000e+000     0.000e+000     0.000e+000     0.000e+000
15
1.000e-001     5.660e+000     1.300e+001     2.020e+004    -8.620e+000     1.320e+005    -5.720e+003
2.000e-001     1.050e+002     7.390e+001     6.430e+004    -8.460e+002     5.240e+005    -5.210e+004
3.000e-001     1.120e+003     3.570e+002     1.330e+005    -4.940e+003     1.610e+006    -3.200e+005
4.000e-001     5.190e+003     3.540e+003     8.880e+005    -9.530e+004     2.250e+007     5.380e+006
5.000e-001     6.990e+003     1.770e+003     2.510e+005    -8.040e+004     9.990e+006    -4.790e+005
6.000e-001     5.420e+003    -4.710e+001     2.230e+005    -1.250e+005     1.360e+007    -1.860e+006
7.000e-001     3.710e+003    -1.570e+003     1.130e+005    -8.200e+004     1.020e+007    -2.020e+006
8.000e-001     6.330e+003    -8.860e+002     3.350e+004     2.410e+004     6.440e+006    -8.100e+005
9.000e-001     7.800e+003    -2.300e+003     8.110e+004    -4.660e+004     7.880e+006    -9.810e+005
1.000e+000     9.800e+003    -2.930e+003     8.960e+004    -4.410e+004     7.410e+006    -9.770e+005
1.100e+000     1.160e+004    -2.700e+003     1.020e+005    -5.540e+003     7.450e+006    -8.900e+005
1.200e+000     1.340e+004    -2.710e+003     1.160e+005    -6.840e+003     7.580e+006    -6.290e+005
1.300e+000     4.100e+004     2.550e+004     3.160e+007    -4.120e+005     8.620e+008     3.400e+005
1.400e+000     1.690e+004    -3.220e+003     1.390e+005     2.450e+003     8.230e+006    -5.470e+005
1.500e+000     1.860e+004    -2.960e+003     1.460e+005     2.710e+003     8.550e+006    -4.160e+005
1.600e+000     0.000e+000     0.000e+000     0.000e+000     0.000e+000     0.000e+000     0.000e+000
1.700e+000     0.000e+000     0.000e+000     0.000e+000     0.000e+000     0.000e+000     0.000e+000
1.800e+000     0.000e+000     0.000e+000     0.000e+000     0.000e+000     0.000e+000     0.000e+000
1.900e+000     0.000e+000     0.000e+000     0.000e+000     0.000e+000     0.000e+000     0.000e+000
2.000e+000     0.000e+000     0.000e+000     0.000e+000     0.000e+000     0.000e+000     0.000e+000
30
1.000e-001     1.870e+001     2.460e+001     2.060e+004     3.430e+001     1.470e+005    -7.860e+003
2.000e-001     8.980e+001     1.340e+002     6.340e+004    -1.510e+003     5.410e+005    -8.160e+004
3.000e-001     9.270e+002     6.480e+002     1.320e+005    -1.160e+004     1.660e+006    -5.810e+005
4.000e-001     4.450e+003     3.650e+003     4.250e+005    -2.490e+004     9.420e+006     2.680e+006
5.000e-001     7.230e+003     4.030e+003     2.660e+005    -9.710e+004     9.070e+006    -6.450e+005
6.000e-001     6.600e+003     1.400e+003     2.240e+005    -1.890e+005     1.260e+007    -2.860e+006
7.000e-001     4.020e+003    -2.320e+003     9.900e+004    -2.160e+005     1.070e+007    -3.950e+006
8.000e-001     6.170e+003    -1.570e+003     5.060e+002    -5.550e+004     6.950e+006    -2.350e+006
9.000e-001     8.430e+003    -2.300e+003     4.120e+004     2.230e+004     7.340e+006    -1.550e+006
1.000e+000     9.380e+003    -5.960e+003     7.090e+004    -8.850e+004     7.340e+006    -2.090e+006
1.100e+000     1.140e+004    -4.890e+003     6.520e+004     1.300e+004     6.510e+006    -1.490e+006
1.200e+000     1.260e+004    -5.930e+003     9.510e+004    -1.540e+004     7.050e+006    -1.510e+006
1.300e+000     1.410e+004    -5.210e+003     1.050e+005     8.800e+003     6.960e+006    -1.100e+006
1.400e+000     1.560e+004    -5.890e+003     1.190e+005    -4.200e+003     7.340e+006    -9.650e+005
1.500e+000     1.670e+004    -5.340e+003     1.600e+005    -2.090e+004     8.300e+006    -8.510e+005
1.600e+000     1.820e+004    -5.670e+003     1.340e+005     8.600e+003     7.920e+006    -7.150e+005
1.700e+000     1.940e+004    -5.550e+003     1.390e+005     9.100e+003     8.300e+006    -5.850e+005
1.800e+000     0.000e+000     0.000e+000     0.000e+000     0.000e+000     0.000e+000     0.000e+000
1.900e+000     0.000e+000     0.000e+000     0.000e+000     0.000e+000     0.000e+000     0.000e+000
2.000e+000     0.000e+000     0.000e+000     0.000e+000     0.000e+000     0.000e+000     0.000e+000
45
1.000e-001     3.640e+001     3.400e+001     2.120e+004     1.570e+002     1.670e+005    -4.620e+003
2.000e-001     6.840e+001     1.700e+002     6.290e+004    -1.810e+003     5.670e+005    -7.800e+004
3.000e-001     6.180e+002     8.080e+002     1.360e+005    -2.140e+004     1.840e+006    -7.940e+005
4.000e-001     3.590e+003     4.180e+003     3.010e+005     7.560e+003     5.430e+006     1.750e+006
5.000e-001     7.010e+003     7.040e+003     2.800e+005    -6.240e+004     7.390e+006    -1.930e+005
6.000e-001     8.620e+003     6.430e+003     2.530e+005    -1.440e+005     1.090e+007    -2.220e+006
7.000e-001     6.470e+003     2.750e+003     1.320e+005    -2.850e+005     1.090e+007    -4.210e+006
8.000e-001     6.200e+003     5.760e+003    -1.610e+004    -4.420e+005     8.180e+006    -4.300e+006
9.000e-001     9.660e+003     9.510e+003    -3.510e+004    -2.870e+005     8.180e+006    -2.850e+006
1.000e+000     1.080e+004    -9.530e+002     4.330e+004     1.860e+004     8.470e+006    -2.920e+006
1.100e+000     1.190e+004    -7.150e+003     4.710e+004    -8.190e+004     6.690e+006    -2.900e+006
1.200e+000     1.320e+004    -4.930e+003     4.730e+004     2.280e+003     6.460e+006    -1.980e+006
1.300e+000     1.370e+004    -8.070e+003     8.030e+004     5.260e+003     6.180e+006    -2.190e+006
1.400e+000     1.440e+004    -6.210e+003     8.220e+004     3.250e+004     6.040e+006    -1.390e+006
1.500e+000     1.520e+004    -8.050e+003     9.720e+004     6.030e+003     6.040e+006    -1.400e+006
1.600e+000     1.600e+004    -7.080e+003     1.020e+005     2.750e+004     6.090e+006    -1.030e+006
1.700e+000     1.680e+004    -7.450e+003     1.090e+005     1.820e+004     6.430e+006    -8.640e+005
1.800e+000     1.760e+004    -7.440e+003     1.130e+005     1.650e+004     6.680e+006    -7.700e+005
1.900e+000     1.830e+004    -6.740e+003     1.150e+005     2.120e+004     7.000e+006    -6.060e+005
2.000e+000     1.900e+004    -6.560e+003     1.170e+005     1.960e+004     7.340e+006    -4.990e+005
60
1.000e-001     5.310e+001     4.050e+001     2.200e+004     3.460e+002     1.860e+005     3.220e+003
2.000e-001     4.600e+001     1.810e+002     6.360e+004    -1.710e+003     5.960e+005    -4.740e+004
3.000e-001     2.370e+002     7.540e+002     1.520e+005    -3.700e+004     2.390e+006    -1.130e+006
4.000e-001     2.290e+003     4.380e+003     2.600e+005     1.670e+004     3.690e+006     1.630e+006
5.000e-001     5.340e+003     9.870e+003     2.990e+005    -3.160e+004     5.690e+006     8.200e+005
6.000e-001     9.500e+003     1.540e+004     3.220e+005    -5.860e+004     8.900e+006    -1.080e+005
7.000e-001     1.260e+004     1.920e+004     2.850e+005    -1.110e+005     1.140e+007    -1.420e+006
8.000e-001     1.390e+004     3.350e+004     1.930e+005    -4.670e+005     1.180e+007    -2.660e+006
9.000e-001     1.680e+004     7.440e+004     1.090e+005    -1.400e+006     1.200e+007    -3.070e+006
1.000e+000     1.650e+004     1.140e+005     8.620e+004    -2.240e+006     1.340e+007    -2.420e+006
1.100e+000     9.200e+003     9.200e+004     6.970e+004    -1.750e+006     1.380e+007    -2.590e+006
1.200e+000     1.480e+004     2.560e+004     2.540e+004    -4.840e+005     1.210e+007    -4.320e+006
1.300e+000     3.250e+004     8.050e+003     3.420e+004    -3.140e+005     1.070e+007    -4.540e+006
1.400e+000     3.270e+004     2.660e+004     9.080e+004    -5.320e+005     1.130e+007    -3.490e+006
1.500e+000     2.220e+004     4.580e+003     1.070e+005    -1.380e+005     9.470e+006    -3.680e+006
1.600e+000     2.410e+004     4.030e+003     1.130e+005    -1.940e+005     8.070e+006    -3.050e+006
1.700e+000     2.240e+004     7.630e+003     1.150e+005    -7.660e+004     8.210e+006    -2.420e+006
1.800e+000     2.020e+004    -1.670e+003     1.070e+005    -2.770e+004     6.760e+006    -2.310e+006
1.900e+000     2.030e+004     1.780e+003     1.080e+005    -7.160e+003     6.820e+006    -1.710e+006
2.000e+000     1.840e+004    -2.930e+003     9.910e+004     6.910e+003     5.940e+006    -1.450e+006
75
1.000e-001     6.490e+001     4.380e+001     2.270e+004     5.600e+002     2.000e+005     1.290e+004
2.000e-001     2.920e+001     1.670e+002     6.560e+004    -1.300e+003     6.230e+005    -8.100e+003
3.000e-001    -1.010e+002     3.300e+002     2.330e+005    -7.240e+004     4.840e+006    -2.300e+006
4.000e-001     7.850e+002     3.500e+003     2.520e+005     1.440e+004     3.010e+006     1.820e+006
5.000e-001     1.860e+003     9.560e+003     3.250e+005    -2.970e+004     4.840e+006     1.920e+006
6.000e-001     4.700e+003     2.080e+004     3.910e+005    -7.070e+004     7.940e+006     2.220e+006
7.000e-001     1.090e+004     3.970e+004     4.480e+005    -1.030e+005     1.250e+007     2.360e+006
8.000e-001     2.280e+004     8.220e+004     4.940e+005    -2.590e+005     1.860e+007     1.740e+006
9.000e-001     4.420e+004     1.820e+005     5.030e+005    -7.860e+005     2.410e+007    -5.840e+005
1.000e+000     6.860e+004     3.080e+005     4.970e+005    -1.400e+006     2.820e+007    -2.670e+006
1.100e+000     8.610e+004     4.030e+005     5.680e+005    -2.280e+006     3.880e+007    -4.110e+006
1.200e+000     7.800e+004     4.670e+005     5.380e+005    -3.250e+006     3.850e+007    -5.240e+006
1.300e+000     4.450e+004     4.710e+005     4.250e+005    -3.670e+006     2.630e+007    -3.810e+006
1.400e+000     1.400e+004     4.560e+005     3.480e+005    -3.860e+006     1.640e+007    -2.070e+006
1.500e+000     6.020e+003     4.620e+005     3.240e+005    -4.020e+006     1.390e+007    -2.030e+006
1.600e+000     1.890e+004     4.760e+005     3.220e+005    -4.010e+006     1.480e+007    -2.890e+006
1.700e+000     2.820e+004     4.620e+005     3.050e+005    -3.660e+006     1.330e+007    -2.900e+006
1.800e+000     2.130e+004     4.280e+005     2.800e+005    -3.400e+006     1.030e+007    -2.230e+006
1.900e+000     2.820e+004     4.250e+005     1.510e+005    -3.510e+006     9.530e+006    -2.840e+006
2.000e+000     2.660e+004     4.010e+005     2.740e+005    -3.320e+006     1.070e+007    -4.200e+006
90
1.000e-001     6.840e+001     4.400e+001     2.310e+004     7.230e+002     2.050e+005     2.100e+004
2.000e-001     2.610e+001     1.330e+002     6.820e+004    -7.610e+002     6.410e+005     2.050e+004
3.000e-001     1.170e+004    -4.660e+003     1.400e+007    -7.680e+005     3.860e+008    -3.160e+007
4.000e-001    -8.690e+001     1.160e+003     2.600e+005     1.600e+004     3.040e+006     1.910e+006
5.000e-001    -7.690e+002     2.830e+003     3.580e+005    -1.470e+004     5.290e+006     2.380e+006
6.000e-001    -1.350e+003     7.460e+003     4.610e+005    -5.550e+004     8.830e+006     2.960e+006
7.000e-001    -1.680e+003     3.450e+004     5.660e+005    -2.100e+005     1.450e+007     3.410e+006
8.000e-001    -6.800e+003     1.940e+005     6.160e+005    -1.240e+006     2.460e+007     2.140e+006
9.000e-001    -1.880e+004     5.600e+005     4.490e+005    -3.740e+006     2.610e+007    -2.380e+006
1.000e+000    -2.290e+004     7.250e+005     2.720e+005    -4.620e+006     1.680e+007    -3.620e+006
1.100e+000    -2.080e+004     7.460e+005     2.250e+005    -4.340e+006     1.120e+007    -2.600e+006
1.200e+000    -1.910e+004     7.570e+005     2.180e+005    -4.010e+006     8.780e+006    -1.000e+006
1.300e+000    -1.800e+004     7.780e+005     2.410e+005    -3.740e+006     7.700e+006     5.090e+005
1.400e+000    -1.760e+004     7.910e+005     2.540e+005    -3.590e+006     7.200e+006     1.610e+006
1.500e+000    -1.550e+004     7.980e+005     2.390e+005    -3.420e+006     6.670e+006     2.390e+006
1.600e+000    -1.550e+004     8.260e+005     2.690e+005    -2.910e+006     7.180e+006     2.870e+006
1.700e+000    -1.390e+004     8.230e+005     2.850e+005    -3.130e+006     7.340e+006     3.080e+006
1.800e+000    -1.240e+004     8.240e+005     2.890e+005    -3.050e+006     7.580e+006     3.150e+006
1.900e+000    -8.980e+003     8.170e+005     9.510e+004    -2.950e+006     3.050e+006     8.780e+005
2.000e+000    -1.110e+004     8.210e+005     3.010e+005    -2.840e+006     8.160e+006     2.670e+006
105
1.000e-001     6.300e+001     4.120e+001     2.310e+004     8.060e+002     1.990e+005     2.520e+004
2.000e-001     4.320e+001     8.790e+001     7.040e+004    -2.890e+002     6.470e+005     2.790e+004
3.000e-001     3.330e+002     2.830e+002     3.110e+005     8.790e+004     5.270e+006     4.000e+006
4.000e-001     6.750e+002    -2.170e+003     2.740e+005     2.830e+004     3.580e+006     1.690e+006
5.000e-001     2.320e+003    -8.650e+003     4.100e+005     4.210e+004     6.630e+006     1.780e+006
6.000e-001     6.080e+003    -1.790e+004     6.100e+005     5.630e+004     9.770e+006     1.440e+006
7.000e-001    -7.550e+002     5.930e+004     9.580e+005    -4.890e+005     1.530e+007     1.490e+006
8.000e-001    -5.390e+004     6.220e+005     9.510e+005    -3.290e+006     2.440e+007     1.310e+006
9.000e-001    -7.010e+004     8.050e+005     4.130e+005    -3.920e+006     1.110e+007    -2.830e+006
1.000e+000    -6.070e+004     7.690e+005     2.520e+005    -3.470e+006     2.190e+006    -4.990e+005
1.100e+000    -4.980e+004     7.460e+005     2.160e+005    -3.160e+006     1.180e+005     2.940e+006
1.200e+000    -4.560e+004     8.240e+005     2.350e+005    -3.270e+006     1.000e+006     5.700e+006
1.300e+000    -3.710e+004     8.870e+005     2.550e+005    -3.280e+006     3.700e+006     6.230e+006
1.400e+000    -2.580e+004     8.840e+005     2.770e+005    -3.120e+006     6.370e+006     5.190e+006
1.500e+000    -1.990e+004     8.990e+005     1.400e+005    -2.810e+006     3.440e+006     4.750e+006
1.600e+000    -2.470e+004     9.410e+005     2.970e+005    -2.950e+006     7.170e+006     4.740e+006
1.700e+000    -2.800e+004     9.670e+005    -1.640e+005    -3.080e+006    -5.150e+006     2.200e+006
1.800e+000    -2.450e+004     9.790e+005     2.170e+005    -2.740e+006     5.250e+006     4.710e+006
1.900e+000    -3.380e+004     9.480e+005     2.890e+005    -2.720e+006     7.220e+006     4.980e+006
2.000e+000    -4.170e+004     1.020e+006    -2.050e+004    -2.700e+006    -3.580e+006     3.680e+006
120
1.000e-001     5.050e+001     3.580e+001     2.250e+004     7.770e+002     1.840e+005     2.480e+004
2.000e-001     8.160e+001     4.130e+001     7.120e+004    -2.150e+001     6.390e+005     1.680e+004
3.000e-001     6.560e+002    -5.540e+002     1.910e+005     4.690e+004     2.500e+006     2.050e+006
4.000e-001     3.300e+003    -5.060e+003     2.890e+005     4.260e+004     4.380e+006     1.220e+006
5.000e-001     9.310e+003    -1.600e+004     4.840e+005     6.520e+004     7.620e+006     8.570e+005
6.000e-001    -4.720e+003    -4.370e+003     8.330e+005    -2.130e+005     6.050e+006     8.680e+005
7.000e-001    -1.220e+005     3.420e+005     1.280e+006    -1.680e+006     5.410e+006     7.280e+006
8.000e-001    -1.640e+005     6.730e+005     2.980e+005    -2.050e+006    -1.140e+006     5.620e+006
9.000e-001    -9.860e+004     6.980e+005     5.500e+004    -2.630e+006    -3.850e+006     7.720e+006
1.000e+000    -5.140e+004     7.480e+005     1.270e+005    -3.060e+006     2.370e+006     7.460e+006
1.100e+000    -4.130e+004     8.150e+005     1.930e+005    -3.190e+006     5.980e+006     5.480e+006
1.200e+000    -4.500e+004     8.430e+005     2.000e+005    -2.970e+006     5.070e+006     6.200e+006
1.300e+000    -4.850e+004     8.710e+005     2.040e+005    -2.770e+006     4.580e+006     7.740e+006
1.400e+000    -4.710e+004     8.910e+005     2.300e+005    -2.620e+006     5.550e+006     7.380e+006
1.500e+000    -4.910e+004     9.230e+005     2.370e+005    -2.570e+006     5.410e+006     7.330e+006
1.600e+000    -5.130e+004     9.110e+005     2.380e+005    -2.440e+006     5.090e+006     7.460e+006
1.700e+000    -6.320e+004     9.390e+005     2.260e+005    -2.510e+006     4.050e+006     6.360e+006
1.800e+000    -5.860e+004     9.300e+005     2.250e+005    -2.280e+006     4.530e+006     7.090e+006
1.900e+000    -8.400e+004     8.850e+005     8.710e+004    -2.150e+006    -1.430e+006     6.450e+006
2.000e+000    -6.230e+004     9.850e+005     2.340e+005    -2.360e+006     4.350e+006     7.200e+006
135
1.000e-001     3.420e+001     2.850e+001     2.150e+004     6.580e+002     1.640e+005     2.080e+004
2.000e-001     1.350e+002     4.530e+000     7.040e+004     3.460e+001     6.210e+005    -9.890e+002
3.000e-001     1.400e+003    -9.500e+002     1.700e+005     3.430e+004     2.200e+006     1.260e+006
4.000e-001     6.770e+003    -6.180e+003     3.020e+005     4.590e+004     5.250e+006     7.570e+005
5.000e-001     8.270e+003    -1.290e+004     5.670e+005     4.650e+003     7.310e+006     6.070e+005
6.000e-001    -7.430e+004     5.880e+004     1.040e+006    -6.840e+005    -2.550e+006     3.140e+006
7.000e-001    -2.200e+005     4.370e+005     6.490e+005    -9.390e+005    -2.460e+006     9.340e+006
8.000e-001    -1.150e+005     5.300e+005    -3.770e+004    -1.910e+006    -4.290e+006     7.880e+006
9.000e-001    -6.530e+004     6.040e+005     6.510e+004    -2.700e+006     3.960e+006     5.530e+006
1.000e+000    -6.110e+004     6.300e+005     9.010e+004    -2.580e+006     4.080e+006     5.220e+006
1.100e+000    -6.130e+004     6.730e+005     1.060e+005    -2.430e+006     2.760e+006     8.100e+006
1.200e+000    -5.640e+004     7.010e+005     1.460e+005    -2.270e+006     4.080e+006     7.460e+006
1.300e+000    -6.080e+004     7.150e+005     1.510e+005    -2.120e+006     3.170e+006     7.770e+006
1.400e+000    -1.120e+005     7.080e+005    -9.720e+005    -2.280e+006    -2.840e+007     1.630e+007
1.500e+000    -6.850e+004     7.460e+005     1.810e+005    -1.980e+006     3.090e+006     7.360e+006
1.600e+000    -5.920e+004     7.880e+005     6.430e+004    -1.810e+006    -4.540e+005     8.270e+006
1.700e+000    -1.080e+005     8.080e+005    -1.790e+005    -1.780e+006    -1.510e+007     8.190e+006
1.800e+000    -7.420e+004     7.480e+005     1.090e+005    -1.780e+006    -4.080e+005     7.600e+006
1.900e+000    -7.580e+004     7.900e+005     1.440e+005    -1.740e+006     6.090e+005     7.910e+006
2.000e+000    -1.130e+005     6.780e+005    -1.490e+005    -1.480e+006    -1.470e+007     4.460e+006
150
1.000e-001     1.860e+001     1.980e+001     2.040e+004     4.740e+002     1.440e+005     1.450e+004
2.000e-001     1.890e+002    -1.400e+001     6.860e+004    -7.650e+000     6.010e+005    -1.240e+004
3.000e-001     2.210e+003    -9.400e+002     1.600e+005     2.440e+004     2.190e+006     7.380e+005
4.000e-001     9.560e+003    -5.220e+003     3.150e+005     3.530e+004     6.010e+006     4.410e+005
5.000e-001    -5.760e+003    -4.760e+003     6.420e+005    -6.050e+004     5.960e+006     8.200e+005
6.000e-001    -1.620e+005     9.980e+004     1.130e+006    -7.030e+005    -9.400e+006     4.730e+006
7.000e-001    -1.800e+005     3.160e+005     1.170e+005    -7.090e+005    -6.220e+006     6.700e+006
8.000e-001    -7.890e+004     3.840e+005    -4.840e+003    -1.810e+006     1.600e+006     4.430e+006
9.000e-001    -9.420e+004     4.590e+005    -9.980e+004    -2.090e+006     2.780e+006     3.870e+006
1.000e+000    -6.640e+004     4.540e+005     4.390e+004    -1.740e+006     1.820e+006     6.130e+006
1.100e+000    -6.070e+004     4.750e+005     8.230e+004    -1.620e+006     2.900e+006     5.790e+006
1.200e+000    -6.420e+004     4.980e+005     9.840e+004    -1.520e+006     2.520e+006     6.300e+006
1.300e+000    -6.380e+004     5.020e+005     9.360e+004    -1.420e+006     2.390e+006     6.050e+006
1.400e+000    -7.220e+004     5.330e+005     1.240e+005    -1.420e+006     2.260e+006     5.990e+006
1.500e+000    -7.060e+004     5.180e+005     1.390e+005    -1.260e+006     1.930e+006     6.140e+006
1.600e+000    -7.650e+004     5.340e+005     1.410e+005    -1.280e+006     1.890e+006     6.330e+006
1.700e+000    -1.220e+005     5.270e+005    -1.020e+005    -1.330e+006    -1.040e+007     2.940e+006
1.800e+000    -2.590e+005     6.250e+005    -7.830e+005    -1.110e+006    -4.480e+007     8.520e+005
1.900e+000    -8.810e+004     5.550e+005     1.330e+005    -1.230e+006     3.430e+005     5.210e+006
2.000e+000    -9.760e+004     5.380e+005     6.700e+004    -1.220e+006    -3.150e+006     3.090e+006
165
1.000e-001     7.460e+000     1.020e+001     1.960e+004     2.490e+002     1.290e+005     7.320e+003
2.000e-001     2.300e+002    -1.300e+001     6.680e+004    -2.290e+001     5.840e+005    -1.100e+004
3.000e-001     2.800e+003    -5.740e+002     1.540e+005     1.300e+004     2.220e+006     3.420e+005
4.000e-001     1.100e+004    -2.880e+003     3.260e+005     1.810e+004     6.520e+006     2.160e+005
5.000e-001    -2.250e+004     9.870e+001     6.940e+005    -5.720e+004     4.600e+006     6.780e+005
6.000e-001    -2.120e+005     7.210e+004     1.100e+006    -3.640e+005    -1.150e+007     3.240e+006
7.000e-001    -1.370e+005     1.640e+005    -2.920e+004    -5.340e+005    -5.600e+006     3.170e+006
8.000e-001    -7.860e+004     2.000e+005     2.010e+004    -1.010e+006     2.830e+006     1.870e+006
9.000e-001    -7.560e+004     2.160e+005     6.180e+003    -9.280e+005     1.070e+006     2.770e+006
1.000e+000    -6.140e+004     2.290e+005     2.430e+004    -8.290e+005     2.000e+006     3.280e+006
1.100e+000    -6.480e+004     2.510e+005     5.270e+004    -8.360e+005     2.130e+006     3.340e+006
1.200e+000    -6.700e+004     2.500e+005     7.560e+004    -7.540e+005     1.860e+006     3.430e+006
1.300e+000    -6.680e+004     2.590e+005     8.780e+004    -7.060e+005     1.830e+006     3.280e+006
1.400e+000    -7.240e+004     2.770e+005     9.520e+004    -6.790e+005     1.640e+006     3.640e+006
1.500e+000    -1.310e+005     2.780e+005    -2.030e+005    -6.880e+005    -1.300e+007     2.200e+006
1.600e+000    -7.210e+004     2.780e+005     1.160e+005    -6.530e+005     1.990e+006     3.220e+006
1.700e+000    -7.350e+004     2.650e+005     1.250e+005    -6.140e+005     8.550e+005     3.030e+006
1.800e+000    -9.460e+004     2.580e+005     6.220e+004    -6.090e+005    -1.750e+006     3.000e+006
1.900e+000    -9.480e+004     2.520e+005     6.260e+004    -6.230e+005    -2.720e+006     2.080e+006
2.000e+000    -1.190e+005     2.490e+005     1.230e+004    -5.340e+005    -6.440e+006     1.750e+006
180
1.000e-001     3.400e+000    -2.880e-003     1.920e+004     5.290e+000     1.240e+005     2.340e+000
2.000e-001     2.450e+002    -1.080e-002     6.610e+004     2.370e+001     5.780e+005     1.360e+001
3.000e-001     3.020e+003     1.550e-001     1.520e+005     7.120e+001     2.240e+006     2.340e+001
4.000e-001     1.140e+004     7.400e+000     3.300e+005     3.960e+002     6.700e+006     6.740e+002
5.000e-001    -2.970e+004     8.850e+001     7.130e+005     2.580e+003     4.060e+006     6.230e+003
6.000e-001    -2.240e+005     3.290e+002     1.060e+006     7.420e+003    -1.170e+007     2.000e+004
7.000e-001    -1.250e+005     5.110e+001    -4.890e+004     1.800e+003    -4.980e+006     5.120e+003
8.000e-001    -8.100e+004     4.690e+001     2.120e+004     1.580e+003     2.700e+006    -2.650e+003
9.000e-001    -7.340e+004    -9.040e+001    -1.030e+004     2.990e+003     1.090e+006    -1.310e+004
1.000e+000    -6.680e+004     1.270e+003     2.580e+004    -6.120e+003     1.690e+006    -5.520e+004
1.100e+000    -6.520e+004     1.340e+002     4.550e+004     1.200e+003     1.790e+006    -9.320e+002
1.200e+000    -6.380e+004     3.180e+002     6.070e+004     2.180e+003     1.890e+006    -2.620e+004
1.300e+000    -7.070e+004     4.650e+002     8.130e+004     5.890e+002     1.210e+006    -2.360e+004
1.400e+000    -6.130e+004     3.970e+003     5.410e+004    -9.860e+003     8.950e+005    -2.430e+005
1.500e+000    -8.030e+004     4.790e+002     2.700e+004     1.650e+003    -5.040e+005    -1.230e+004
1.600e+000    -7.750e+004     8.890e+002     1.120e+005    -2.000e+003     1.320e+006    -6.980e+004
1.700e+000    -1.570e+005     2.290e+004    -2.790e+005    -4.200e+004    -2.170e+007    -1.600e+006
1.800e+000    -9.610e+004     2.290e+003    -7.550e+003     9.780e+003    -6.290e+006    -4.140e+005
1.900e+000    -1.210e+005    -5.920e+003    -6.310e+004     2.600e+004    -1.100e+007    -9.140e+005
2.000e+000    -1.060e+005    -3.340e+003     6.560e+004     7.960e+003    -3.780e+006    -2.250e+005
