13 20
0
1.000e-001    -1.120e+001    -8.250e-002     2.450e+004     2.630e+001     3.050e+005    -2.130e+000
2.000e-001     1.120e+002    -2.500e-001     8.340e+004     1.280e+002     1.350e+006    -2.400e+001
3.000e-001     1.510e+003     1.600e-001     1.750e+005     3.050e+002     3.440e+006     1.370e+001
4.000e-001     4.540e+003     8.170e-001     2.550e+005     5.840e+002     7.210e+006     4.070e+002
5.000e-001     6.240e+003    -1.240e+000     2.910e+005     1.070e+003     1.290e+007     1.810e+003
6.000e-001     6.490e+003    -1.920e+001     2.790e+005     1.560e+003     1.740e+007     3.400e+003
7.000e-001     8.960e+003    -5.130e+001     1.970e+005     1.270e+003     1.530e+007     3.590e+003
8.000e-001     0.000e+000     0.000e+000     0.000e+000     0.000e+000     0.000e+000     0.000e+000
9.000e-001     0.000e+000     0.000e+000     0.000e+000     0.000e+000     0.000e+000     0.000e+000
1.000e+000     0.000e+000     0.000e+000     0.000e+000     0.000e+000     0.000e+000     0.000e+000
1.100e+000     0.000e+000     0.000e+000     0.000e+000     0.000e+000     0.000e+000     0.000e+000
1.200e+000     0.000e+000     0.000e+000     0.000e+000     0.000e+000     0.000e+000     0.000e+000
1.300e+000     0.000e+000     0.000e+000     0.000e+000     0.000e+000     0.000e+000     0.000e+000
1.400e+000     0.000e+000     0.000e+000     0.000e+000     0.000e+000     0.000e+000     0.000e+000
1.500e+000     0.000e+000     0.000e+000     0.000e+000     0.000e+000     0.000e+000     0.000e+000
1.600e+000     0.000e+000     0.000e+000     0.000e+000     0.000e+000     0.000e+000     0.000e+000
1.700e+000     0.000e+000     0.000e+000     0.000e+000     0.000e+000     0.000e+000     0.000e+000
1.800e+000     0.000e+000     0.000e+000     0.000e+000     0.000e+000     0.000e+000     0.000e+000
1.900e+000     0.000e+000     0.000e+000     0.000e+000     0.000e+000     0.000e+000     0.000e+000
2.000e+000     0.000e+000     0.000e+000     0.000e+000     0.000e+000     0.000e+000     0.000e+000
15
1.000e-001     6.870e+000     8.070e+001     2.510e+004     2.470e+002     3.100e+005    -1.970e+003
2.000e-001     1.200e+002     4.710e+002     8.320e+004    -1.540e+003     1.370e+006    -9.470e+004
3.000e-001     1.480e+003     1.430e+003     1.710e+005    -1.290e+004     3.490e+006    -5.840e+005
4.000e-001     4.570e+003     2.410e+003     2.450e+005    -2.880e+004     7.200e+006    -1.770e+006
5.000e-001     6.520e+003     2.060e+003     2.740e+005    -2.920e+004     1.280e+007    -3.330e+006
6.000e-001     6.610e+003     1.320e+003     2.580e+005    -3.610e+004     1.730e+007    -3.870e+006
7.000e-001     8.700e+003     4.810e+003     1.850e+005    -3.930e+004     1.570e+007    -2.290e+006
8.000e-001     0.000e+000     0.000e+000     0.000e+000     0.000e+000     0.000e+000     0.000e+000
9.000e-001     0.000e+000     0.000e+000     0.000e+000     0.000e+000     0.000e+000     0.000e+000
1.000e+000     0.000e+000     0.000e+000     0.000e+000     0.000e+000     0.000e+000     0.000e+000
1.100e+000     0.000e+000     0.000e+000     0.000e+000     0.000e+000     0.000e+000     0.000e+000
1.200e+000     0.000e+000     0.000e+000     0.000e+000     0.000e+000     0.000e+000     0.000e+000
1.300e+000     0.000e+000     0.000e+000     0.000e+000     0.000e+000     0.000e+000     0.000e+000
1.400e+000     0.000e+000     0.000e+000     0.000e+000     0.000e+000     0.000e+000     0.000e+000
1.500e+000     0.000e+000     0.000e+000     0.000e+000     0.000e+000     0.000e+000     0.000e+000
1.600e+000     0.000e+000     0.000e+000     0.000e+000     0.000e+000     0.000e+000     0.000e+000
1.700e+000     0.000e+000     0.000e+000     0.000e+000     0.000e+000     0.000e+000     0.000e+000
1.800e+000     0.000e+000     0.000e+000     0.000e+000     0.000e+000     0.000e+000     0.000e+000
1.900e+000     0.000e+000     0.000e+000     0.000e+000     0.000e+000     0.000e+000     0.000e+000
2.000e+000     0.000e+000     0.000e+000     0.000e+000     0.000e+000     0.000e+000     0.000e+000
30
1.000e-001     5.510e+001     1.570e+002     2.680e+004     5.540e+002     3.270e+005     1.570e+003
2.000e-001     1.390e+002     9.020e+002     8.320e+004    -2.680e+003     1.440e+006    -1.330e+005
3.000e-001     1.350e+003     2.740e+003     1.640e+005    -2.600e+004     3.620e+006    -9.100e+005
4.000e-001     4.560e+003     4.840e+003     2.290e+005    -6.640e+004     7.320e+006    -2.950e+006
5.000e-001     7.370e+003     4.290e+003     2.490e+005    -6.520e+004     1.260e+007    -5.930e+006
6.000e-001     7.670e+003     6.220e+002     2.210e+005    -4.370e+004     1.710e+007    -7.460e+006
7.000e-001     8.680e+003     4.030e+002     1.580e+005    -9.720e+004     1.670e+007    -5.750e+006
8.000e-001     1.090e+004     5.820e+003     7.490e+004    -6.100e+004     1.140e+007    -2.620e+006
9.000e-001     0.000e+000     0.000e+000     0.000e+000     0.000e+000     0.000e+000     0.000e+000
1.000e+000     0.000e+000     0.000e+000     0.000e+000     0.000e+000     0.000e+000     0.000e+000
1.100e+000     0.000e+000     0.000e+000     0.000e+000     0.000e+000     0.000e+000     0.000e+000
1.200e+000     0.000e+000     0.000e+000     0.000e+000     0.000e+000     0.000e+000     0.000e+000
1.300e+000     0.000e+000     0.000e+000     0.000e+000     0.000e+000     0.000e+000     0.000e+000
1.400e+000     0.000e+000     0.000e+000     0.000e+000     0.000e+000     0.000e+000     0.000e+000
1.500e+000     0.000e+000     0.000e+000     0.000e+000     0.000e+000     0.000e+000     0.000e+000
1.600e+000     0.000e+000     0.000e+000     0.000e+000     0.000e+000     0.000e+000     0.000e+000
1.700e+000     0.000e+000     0.000e+000     0.000e+000     0.000e+000     0.000e+000     0.000e+000
1.800e+000     0.000e+000     0.000e+000     0.000e+000     0.000e+000     0.000e+000     0.000e+000
1.900e+000     0.000e+000     0.000e+000     0.000e+000     0.000e+000     0.000e+000     0.000e+000
2.000e+000     0.000e+000     0.000e+000     0.000e+000     0.000e+000     0.000e+000     0.000e+000
45
1.000e-001     1.180e+002     2.220e+002     2.900e+004     9.700e+002     3.500e+005     1.330e+004
2.000e-001     1.540e+002     1.250e+003     8.430e+004    -3.070e+003     1.540e+006    -8.850e+004
3.000e-001     1.070e+003     3.800e+003     1.620e+005    -3.980e+004     3.870e+006    -8.930e+005
4.000e-001     3.870e+003     7.040e+003     2.490e+005    -1.360e+005     8.710e+006    -3.750e+006
5.000e-001     6.760e+003     4.230e+003     7.680e+005    -1.790e+005     2.980e+007    -1.210e+007
6.000e-001     9.470e+003    -6.310e+003     2.020e+006     3.780e+005     6.950e+007    -2.100e+007
7.000e-001     1.070e+004    -8.220e+003     5.560e+005     3.860e+005     2.800e+007    -1.270e+007
8.000e-001     1.160e+004    -7.880e+003     8.670e+004    -6.410e+004     1.390e+007    -6.170e+006
9.000e-001     1.220e+004    -3.580e+003    -2.580e+004    -1.030e+005     8.380e+006    -3.200e+006
1.000e+000     1.240e+004    -5.950e+003    -1.180e+004     6.690e+004     7.470e+006    -3.440e+006
1.100e+000     0.000e+000     0.000e+000     0.000e+000     0.000e+000     0.000e+000     0.000e+000
1.200e+000     0.000e+000     0.000e+000     0.000e+000     0.000e+000     0.000e+000     0.000e+000
1.300e+000     0.000e+000     0.000e+000     0.000e+000     0.000e+000     0.000e+000     0.000e+000
1.400e+000     0.000e+000     0.000e+000     0.000e+000     0.000e+000     0.000e+000     0.000e+000
1.500e+000     0.000e+000     0.000e+000     0.000e+000     0.000e+000     0.000e+000     0.000e+000
1.600e+000     0.000e+000     0.000e+000     0.000e+000     0.000e+000     0.000e+000     0.000e+000
1.700e+000     0.000e+000     0.000e+000     0.000e+000     0.000e+000     0.000e+000     0.000e+000
1.800e+000     0.000e+000     0.000e+000     0.000e+000     0.000e+000     0.000e+000     0.000e+000
1.900e+000     0.000e+000     0.000e+000     0.000e+000     0.000e+000     0.000e+000     0.000e+000
2.000e+000     0.000e+000     0.000e+000     0.000e+000     0.000e+000     0.000e+000     0.000e+000
60
1.000e-001     1.760e+002     2.710e+002     3.120e+004     1.470e+003     3.740e+005     3.210e+004
2.000e-001     1.520e+002     1.490e+003     8.730e+004    -2.850e+003     1.640e+006     2.130e+004
3.000e-001     5.430e+002     4.390e+003     1.720e+005    -5.530e+004     4.330e+006    -7.110e+005
4.000e-001     1.670e+005     9.380e+004     1.370e+008     3.520e+006     3.680e+009     1.010e+008
5.000e-001     9.280e+003     2.290e+004     4.480e+005    -1.440e+005     1.170e+007     1.450e+006
6.000e-001     1.260e+004     2.460e+004     3.540e+005    -2.560e+005     1.340e+007    -7.250e+005
7.000e-001     1.270e+004     1.430e+004     2.410e+005    -2.960e+005     1.420e+007    -2.360e+006
8.000e-001     1.060e+004    -2.900e+003     9.080e+004    -3.500e+005     1.180e+007    -3.510e+006
9.000e-001     1.090e+004    -1.440e+004    -4.680e+004    -3.650e+005     7.090e+006    -3.930e+006
1.000e+000     1.420e+004    -1.400e+004    -5.360e+004    -1.390e+005     5.210e+006    -3.140e+006
1.100e+000     1.680e+004    -6.920e+003     2.520e+005     1.360e+005     1.210e+007    -1.270e+006
1.200e+000     2.200e+004    -1.710e+003     3.150e+006    -8.920e+004     8.840e+007     1.420e+006
1.300e+000     2.060e+004    -1.160e+004     4.870e+005     1.920e+004     2.060e+007    -2.290e+006
1.400e+000     1.900e+004    -1.010e+004     9.320e+004     2.750e+004     7.690e+006    -1.380e+006
1.500e+000     1.790e+004    -1.030e+004     7.770e+004     5.150e+004     6.680e+006    -1.430e+006
1.600e+000     0.000e+000     0.000e+000     0.000e+000     0.000e+000     0.000e+000     0.000e+000
1.700e+000     0.000e+000     0.000e+000     0.000e+000     0.000e+000     0.000e+000     0.000e+000
1.800e+000     0.000e+000     0.000e+000     0.000e+000     0.000e+000     0.000e+000     0.000e+000
1.900e+000     0.000e+000     0.000e+000     0.000e+000     0.000e+000     0.000e+000     0.000e+000
2.000e+000     0.000e+000     0.000e+000     0.000e+000     0.000e+000     0.000e+000     0.000e+000
75
1.000e-001     2.140e+002     2.990e+002     3.280e+004     1.930e+003     3.940e+005     5.340e+004
2.000e-001     1.380e+002     1.590e+003     9.180e+004    -2.270e+003     1.740e+006     1.520e+005
3.000e-001    -1.810e+002     3.960e+003     2.080e+005    -7.710e+004     5.650e+006    -1.010e+006
4.000e-001     1.210e+003     1.340e+004     3.460e+005    -9.620e+004     7.090e+006     2.820e+006
5.000e-001     1.240e+003     2.510e+004     3.620e+005    -2.850e+005     8.740e+006     2.160e+006
6.000e-001     2.890e+003     3.930e+004     3.580e+005    -4.200e+005     1.030e+007     2.200e+006
7.000e-001     8.900e+003     5.220e+004     3.300e+005    -4.240e+005     1.240e+007     2.350e+006
8.000e-001     1.800e+004     6.410e+004     2.910e+005    -3.290e+005     1.510e+007     2.010e+006
9.000e-001     2.610e+004     8.020e+004     2.400e+005    -2.960e+005     1.690e+007     8.030e+005
1.000e+000     3.280e+004     1.050e+005     1.840e+005    -5.340e+005     1.630e+007    -1.100e+006
1.100e+000     3.790e+004     1.310e+005     1.420e+005    -1.070e+006     1.210e+007    -2.770e+006
1.200e+000     3.570e+004     1.330e+005     1.210e+005    -1.610e+006     5.750e+006    -3.180e+006
1.300e+000     2.310e+004     9.940e+004     1.050e+005    -1.800e+006     2.470e+006    -2.730e+006
1.400e+000     7.130e+003     4.860e+004     5.790e+004    -1.560e+006     5.780e+006    -3.000e+006
1.500e+000     2.800e+003     1.420e+004    -1.270e+004    -1.050e+006     1.070e+007    -3.950e+006
1.600e+000     1.850e+004     1.840e+004    -3.040e+004    -6.740e+005     1.030e+007    -3.590e+006
1.700e+000     3.630e+004     4.330e+004     3.510e+004    -7.460e+005     6.400e+006    -1.850e+006
1.800e+000     3.160e+004     3.790e+004     8.760e+004    -7.780e+005     6.070e+006    -1.430e+006
1.900e+000     2.040e+004     4.740e+003     7.180e+004    -2.490e+005     7.550e+006    -2.480e+006
2.000e+000     2.620e+004     8.900e+002     6.810e+004     2.210e+004     5.780e+006    -2.130e+006
90
1.000e-001     2.220e+002     3.040e+002     3.340e+004     2.270e+003     4.040e+005     7.170e+004
2.000e-001     1.350e+002     1.530e+003     9.670e+004    -1.550e+003     1.820e+006     2.530e+005
3.000e-001     1.040e+004    -1.690e+004     1.950e+007    -6.950e+005     5.530e+008    -4.140e+007
4.000e-001    -1.690e+003     8.060e+003     3.290e+005    -1.320e+005     7.390e+006     2.830e+006
5.000e-001    -6.330e+003     1.360e+004     4.040e+005    -2.860e+005     1.020e+007     3.410e+006
6.000e-001    -8.660e+003     1.980e+004     4.920e+005    -3.780e+005     1.430e+007     4.350e+006
7.000e-001    -7.710e+003     3.760e+004     6.140e+005    -4.990e+005     2.210e+007     4.830e+006
8.000e-001    -7.470e+003     1.270e+005     7.770e+005    -1.120e+006     3.600e+007     2.210e+006
9.000e-001     1.110e+004     4.700e+005     8.210e+005    -3.340e+006     4.810e+007    -6.370e+006
1.000e+000     5.360e+003     7.480e+005     4.140e+005    -4.850e+006     2.810e+007    -7.460e+006
1.100e+000    -6.360e+003     7.600e+005     2.640e+005    -4.470e+006     1.540e+007    -4.520e+006
1.200e+000    -1.130e+004     7.600e+005     2.310e+005    -4.060e+006     1.070e+007    -2.060e+006
1.300e+000    -1.360e+004     7.770e+005     2.460e+005    -3.760e+006     8.680e+006    -1.360e+005
1.400e+000    -1.490e+004     7.900e+005     2.560e+005    -3.600e+006     7.750e+006     1.190e+006
1.500e+000    -1.360e+004     7.970e+005     2.380e+005    -3.420e+006     6.970e+006     2.120e+006
1.600e+000    -1.450e+004     8.270e+005     2.700e+005    -2.920e+006     7.370e+006     2.700e+006
1.700e+000    -1.330e+004     8.250e+005     2.860e+005    -3.140e+006     7.440e+006     2.970e+006
1.800e+000    -1.210e+004     8.250e+005     2.890e+005    -3.060e+006     7.630e+006     3.090e+006
1.900e+000    -8.780e+003     8.180e+005     9.340e+004    -2.950e+006     3.020e+006     8.210e+005
2.000e+000    -1.100e+004     8.220e+005     3.010e+005    -2.840e+006     8.170e+006     2.650e+006
105
1.000e-001     2.010e+002     2.860e+002     3.270e+004     2.410e+003     4.010e+005     8.240e+004
2.000e-001     1.820e+002     1.320e+003     1.000e+005    -8.040e+002     1.870e+006     2.940e+005
3.000e-001     5.320e+002     2.710e+003     2.580e+005    -7.500e+003     5.270e+006     3.280e+006
4.000e-001    -2.310e+002    -1.220e+003     3.480e+005    -8.920e+004     8.840e+006     2.580e+006
5.000e-001     2.220e+003    -1.510e+004     5.090e+005    -7.110e+004     1.340e+007     2.760e+006
6.000e-001     1.320e+004    -3.960e+004     8.510e+005     2.910e+004     2.140e+007     2.460e+006
7.000e-001     1.660e+004     2.400e+005     1.760e+006    -1.470e+006     5.100e+007     5.940e+005
8.000e-001    -6.280e+004     1.010e+006     9.220e+005    -4.820e+006     3.640e+007    -7.890e+006
9.000e-001    -5.890e+004     8.640e+005     3.610e+005    -3.730e+006     1.050e+007    -4.880e+006
1.000e+000    -5.080e+004     7.950e+005     2.670e+005    -3.170e+006     4.410e+006    -2.420e+005
1.100e+000    -4.710e+004     8.580e+005     2.460e+005    -3.180e+006     3.060e+006     3.500e+006
1.200e+000    -3.070e+004     9.480e+005    -1.040e+004    -3.490e+006     5.760e+005     3.850e+006
1.300e+000    -3.840e+004     9.870e+005     2.720e+005    -3.170e+006     5.840e+006     5.500e+006
1.400e+000    -3.060e+004     1.060e+006     2.710e+005    -3.290e+006     7.340e+006     4.270e+006
1.500e+000    -3.690e+004     9.180e+005     2.670e+005    -2.810e+006     6.890e+006     3.290e+006
1.600e+000    -3.400e+004     1.040e+006     2.990e+005    -2.770e+006     7.950e+006     4.900e+006
1.700e+000    -4.050e+004     1.090e+006     2.720e+005    -2.820e+006     7.170e+006     4.670e+006
1.800e+000    -1.420e+006     2.540e+006    -1.010e+007    -6.290e+006    -4.400e+008    -6.140e+007
1.900e+000    -5.720e+004     1.070e+006     2.700e+005    -2.710e+006     6.580e+006     3.250e+006
2.000e+000    -5.210e+004     1.070e+006     2.750e+005    -2.650e+006     6.220e+006     3.030e+006
120
1.000e-001     1.590e+002     2.500e+002     3.090e+004     2.300e+003     3.860e+005     8.270e+004
2.000e-001     3.060e+002     1.020e+003     1.010e+005    -1.650e+002     1.900e+006     2.700e+005
3.000e-001     2.020e+003    -5.710e+001     2.310e+005    -9.570e+003     5.380e+006     2.120e+006
4.000e-001     7.020e+003    -1.050e+004     3.770e+005    -1.430e+004     1.020e+007     1.830e+006
5.000e-001     2.010e+004    -3.790e+004     7.030e+005     6.620e+004     1.390e+007     1.580e+006
6.000e-001    -1.740e+004     9.260e+004     1.810e+006    -7.370e+005     2.890e+007     4.250e+006
7.000e-001    -2.090e+005     9.090e+005     9.470e+005    -2.920e+006     2.880e+007    -1.870e+006
8.000e-001    -1.260e+005     7.560e+005     1.330e+005    -2.470e+006     1.430e+006     2.940e+006
9.000e-001    -6.870e+004     7.890e+005     5.770e+004    -2.700e+006     1.130e+006     8.120e+006
1.000e+000    -5.860e+004     8.860e+005     1.700e+005    -2.960e+006     5.380e+006     7.380e+006
1.100e+000    -5.170e+004     9.370e+005     1.940e+005    -2.880e+006     7.230e+006     5.660e+006
1.200e+000    -5.890e+004     9.370e+005     1.770e+005    -2.570e+006     4.990e+006     7.030e+006
1.300e+000    -6.000e+004     9.710e+005     2.200e+005    -2.530e+006     6.050e+006     7.480e+006
1.400e+000    -6.070e+004     9.940e+005     1.890e+005    -2.320e+006     4.650e+006     7.450e+006
1.500e+000    -7.510e+004     9.900e+005     1.940e+005    -2.380e+006     4.140e+006     7.230e+006
1.600e+000    -7.270e+004     9.640e+005     2.480e+005    -2.310e+006     5.750e+006     7.240e+006
1.700e+000    -1.420e+005     1.000e+006    -2.190e+005    -2.450e+006    -2.060e+007     4.160e+006
1.800e+000    -1.240e+005     9.970e+005     8.670e+003    -2.130e+006    -5.440e+006     2.870e+006
1.900e+000    -1.500e+005     1.010e+006     7.250e+004    -2.190e+006    -5.870e+006     3.620e+006
2.000e+000    -1.160e+005     1.050e+006     1.880e+005    -2.210e+006     5.470e+005     5.870e+006
135
1.000e-001     1.070e+002     1.990e+002     2.850e+004     1.950e+003     3.650e+005     7.260e+004
2.000e-001     5.010e+002     6.900e+002     9.930e+004     2.410e+002     1.910e+006     2.020e+005
3.000e-001     4.520e+003    -1.860e+003     2.250e+005    -8.190e+002     5.880e+006     1.450e+006
4.000e-001     1.640e+004    -1.500e+004     4.230e+005     3.190e+004     1.070e+007     1.090e+006
5.000e-001     8.960e+003    -2.610e+004     9.910e+005    -8.970e+004     1.010e+007     1.700e+006
6.000e-001    -2.860e+005     5.520e+005     2.200e+006    -1.440e+006     4.120e+007     6.550e+006
7.000e-001    -1.860e+005     5.990e+005     7.490e+004    -1.680e+006     4.670e+005     3.770e+006
8.000e-001    -8.830e+004     6.210e+005     3.170e+004    -2.180e+006     1.770e+006     7.480e+006
9.000e-001    -7.040e+004     7.120e+005     1.040e+005    -2.400e+006     5.860e+006     6.070e+006
1.000e+000    -7.290e+004     7.480e+005     1.210e+005    -2.200e+006     4.950e+006     6.130e+006
1.100e+000    -7.400e+004     7.590e+005     1.280e+005    -2.050e+006     4.370e+006     7.600e+006
1.200e+000    -7.380e+004     8.030e+005     1.620e+005    -1.950e+006     5.260e+006     7.270e+006
1.300e+000    -7.880e+004     8.100e+005     3.910e+004    -1.930e+006     6.180e+005     6.800e+006
1.400e+000    -1.110e+005     8.280e+005     8.360e+003    -1.720e+006    -5.650e+006     9.870e+006
1.500e+000    -9.960e+004     8.020e+005     1.140e+005    -1.910e+006    -2.740e+005     3.300e+006
1.600e+000    -9.460e+004     8.400e+005     1.650e+005    -1.790e+006     2.000e+006     5.650e+006
1.700e+000    -1.160e+005     7.670e+005     1.250e+005    -1.740e+006    -6.310e+005     3.850e+006
1.800e+000    -1.350e+005     7.980e+005     1.070e+005    -1.640e+006    -2.380e+006     3.890e+006
1.900e+000    -1.960e+005     7.710e+005     1.820e+004    -1.730e+006    -8.660e+006     2.020e+006
2.000e+000    -2.060e+005     7.620e+005     6.050e+004    -1.950e+006    -8.190e+006     2.840e+006
150
1.000e-001     5.940e+001     1.380e+002     2.600e+004     1.420e+003     3.430e+005     5.360e+004
2.000e-001     7.200e+002     3.980e+002     9.630e+004     3.680e+002     1.900e+006     1.200e+005
3.000e-001     7.130e+003    -2.320e+003     2.200e+005     4.840e+003     6.280e+006     8.920e+005
4.000e-001     2.180e+004    -1.310e+004     4.750e+005     3.150e+004     1.020e+007     6.290e+005
5.000e-001    -4.540e+004     1.010e+004     1.370e+006    -2.840e+005     5.480e+006     2.530e+006
6.000e-001    -3.630e+005     4.570e+005     9.480e+005    -7.170e+005     2.010e+007     3.050e+006
7.000e-001    -1.420e+005     4.250e+005    -5.740e+004    -1.340e+006    -1.050e+006     5.110e+006
8.000e-001    -7.750e+004     4.680e+005     5.210e+004    -1.680e+006     4.740e+006     4.730e+006
9.000e-001    -7.320e+004     4.990e+005    -1.560e+005    -1.610e+006    -1.950e+006     2.760e+006
1.000e+000    -8.490e+004     5.280e+005     5.450e+004    -1.520e+006     3.160e+006     5.410e+006
1.100e+000    -7.440e+004     5.330e+005     1.070e+005    -1.310e+006     4.030e+006     5.940e+006
1.200e+000    -7.930e+004     5.300e+005     1.200e+005    -1.210e+006     2.960e+006     6.100e+006
1.300e+000    -9.280e+004     5.340e+005     4.640e+004    -1.150e+006    -1.890e+006     6.280e+006
1.400e+000    -8.940e+004     5.460e+005     1.460e+005    -1.250e+006     2.740e+006     5.040e+006
1.500e+000    -8.940e+004     5.610e+005     1.110e+005    -1.230e+006    -6.540e+004     4.640e+006
1.600e+000    -1.380e+005     5.260e+005     5.160e+004    -1.060e+006    -4.750e+006     4.430e+006
1.700e+000    -1.360e+005     5.360e+005     6.060e+004    -1.200e+006    -4.690e+006     3.810e+006
1.800e+000    -1.790e+005     5.200e+005     2.780e+004    -1.250e+006    -8.210e+006     3.170e+006
1.900e+000    -2.450e+005     5.190e+005    -3.410e+004    -1.480e+006    -1.350e+007     8.020e+005
2.000e+000    -3.230e+005     5.490e+005    -2.380e+005    -2.040e+006    -2.920e+007    -1.280e+007
165
1.000e-001     2.580e+001     7.090e+001     2.420e+004     7.580e+002     3.260e+005     2.830e+004
2.000e-001     8.930e+002     1.740e+002     9.350e+004     2.940e+002     1.900e+006     5.190e+004
3.000e-001     9.020e+003    -1.530e+003     2.170e+005     4.510e+003     6.530e+006     4.190e+005
4.000e-001     2.230e+004    -7.170e+003     5.180e+005     1.380e+004     9.400e+006     3.200e+005
5.000e-001    -1.140e+005     2.520e+004     1.700e+006    -2.290e+005     3.750e+006     2.100e+006
6.000e-001    -3.160e+005     2.170e+005     3.560e+005    -3.470e+005     6.340e+006     1.740e+006
7.000e-001    -1.770e+005     2.290e+005    -1.300e+006    -9.870e+005    -9.360e+005     3.410e+006
8.000e-001    -8.430e+004     2.500e+005     1.010e+004    -8.830e+005     4.110e+006     2.470e+006
9.000e-001    -8.340e+004     2.430e+005     2.840e+004    -7.050e+005     2.660e+006     2.810e+006
1.000e+000    -7.650e+004     2.690e+005     6.260e+004    -7.100e+005     3.370e+006     3.310e+006
1.100e+000    -7.940e+004     2.630e+005     7.580e+004    -6.370e+005     2.730e+006     3.530e+006
1.200e+000    -7.860e+004     2.770e+005     9.630e+004    -5.960e+005     3.150e+006     3.590e+006
1.300e+000    -8.540e+004     2.850e+005     1.110e+005    -6.470e+005     2.310e+006     2.550e+006
1.400e+000    -9.580e+004     2.760e+005     9.730e+004    -5.840e+005     9.110e+004     2.860e+006
1.500e+000    -1.080e+005     2.760e+005     6.190e+004    -5.990e+005    -2.530e+006     2.340e+006
1.600e+000    -1.470e+005     2.500e+005    -2.450e+004    -5.190e+005    -7.860e+006     1.410e+006
1.700e+000    -1.550e+005     2.580e+005     2.320e+004    -6.250e+005    -7.630e+006     1.900e+006
1.800e+000    -1.890e+005     2.490e+005    -1.250e+004    -7.360e+005    -1.190e+007     4.520e+004
1.900e+000    -1.220e+005     2.060e+005     9.060e+004    -6.220e+005    -8.350e+006     9.420e+005
2.000e+000    -3.220e+005     1.800e+005     1.050e+005    -7.440e+005    -9.080e+006     1.340e+005
180
1.000e-001     1.380e+001    -1.940e-002     2.350e+004     2.930e+001     3.200e+005     8.420e+000
2.000e-001     9.580e+002    -1.630e-001     9.230e+004     1.360e+002     1.900e+006     6.990e+001
3.000e-001     9.710e+003    -1.760e+000     2.160e+005     2.000e+002     6.600e+006     4.410e+001
4.000e-001     2.160e+004     1.660e+001     5.350e+005     7.610e+002     9.000e+006     1.730e+003
5.000e-001    -1.440e+005     3.140e+002     1.820e+006     6.910e+003     3.780e+006     2.030e+004
6.000e-001    -2.950e+005     1.710e+002     2.250e+005     2.880e+003     3.090e+006     8.710e+003
7.000e-001    -9.280e+004     7.310e+001    -3.670e+004     1.220e+003     1.160e+006     6.440e+003
8.000e-001    -8.710e+004     4.340e+002     4.710e+004    -1.410e+002     4.200e+006    -7.090e+003
9.000e-001    -8.120e+004     3.790e+002     2.420e+004    -5.890e+002     2.550e+006    -3.020e+004
1.000e+000    -7.690e+004     3.550e+002     6.500e+004     2.130e+003     2.860e+006    -1.090e+004
1.100e+000    -8.120e+004     8.680e+002     8.210e+004    -1.340e+002     2.480e+006    -1.820e+004
1.200e+000    -9.680e+004     8.520e+002     3.730e+004    -3.080e+003     5.880e+005    -3.420e+004
1.300e+000    -1.190e+005     6.780e+003    -8.550e+004    -2.470e+004    -1.010e+007    -5.550e+005
1.400e+000    -7.960e+004     2.700e+003     8.140e+003    -9.560e+002    -4.840e+006    -2.190e+005
1.500e+000    -1.560e+005     5.970e+003    -1.020e+005    -4.100e+004    -1.090e+007    -2.010e+006
1.600e+000    -1.240e+005    -5.550e+003     5.620e+004     1.060e+004    -4.430e+006    -1.870e+005
1.700e+000    -1.620e+005    -2.760e+003     3.190e+003     1.100e+004    -9.220e+006     4.650e+005
1.800e+000    -2.680e+005     2.340e+003    -1.690e+005     9.720e+004    -2.110e+007     2.070e+006
1.900e+000    -3.050e+005     8.800e+003    -3.780e+004     3.130e+004    -1.750e+007    -1.410e+006
2.000e+000    -4.120e+005     4.070e+004     4.300e+004     5.420e+004    -1.240e+007     7.780e+005
