13 20
0
1.000e-001    -1.800e+002    -5.220e-001     5.060e+004     1.990e+002     1.670e+006     1.860e+001
2.000e-001    -5.330e+002    -2.960e+000     2.000e+005     9.380e+002     7.670e+006     7.660e+001
3.000e-001    -4.580e+001    -4.530e+000     4.110e+005     1.830e+003     1.520e+007     3.750e+002
4.000e-001     0.000e+000     0.000e+000     0.000e+000     0.000e+000     0.000e+000     0.000e+000
5.000e-001     0.000e+000     0.000e+000     0.000e+000     0.000e+000     0.000e+000     0.000e+000
6.000e-001     0.000e+000     0.000e+000     0.000e+000     0.000e+000     0.000e+000     0.000e+000
7.000e-001     0.000e+000     0.000e+000     0.000e+000     0.000e+000     0.000e+000     0.000e+000
8.000e-001     0.000e+000     0.000e+000     0.000e+000     0.000e+000     0.000e+000     0.000e+000
9.000e-001     0.000e+000     0.000e+000     0.000e+000     0.000e+000     0.000e+000     0.000e+000
1.000e+000     0.000e+000     0.000e+000     0.000e+000     0.000e+000     0.000e+000     0.000e+000
1.100e+000     0.000e+000     0.000e+000     0.000e+000     0.000e+000     0.000e+000     0.000e+000
1.200e+000     0.000e+000     0.000e+000     0.000e+000     0.000e+000     0.000e+000     0.000e+000
1.300e+000     0.000e+000     0.000e+000     0.000e+000     0.000e+000     0.000e+000     0.000e+000
1.400e+000     0.000e+000     0.000e+000     0.000e+000     0.000e+000     0.000e+000     0.000e+000
1.500e+000     0.000e+000     0.000e+000     0.000e+000     0.000e+000     0.000e+000     0.000e+000
1.600e+000     0.000e+000     0.000e+000     0.000e+000     0.000e+000     0.000e+000     0.000e+000
1.700e+000     0.000e+000     0.000e+000     0.000e+000     0.000e+000     0.000e+000     0.000e+000
1.800e+000     0.000e+000     0.000e+000     0.000e+000     0.000e+000     0.000e+000     0.000e+000
1.900e+000     0.000e+000     0.000e+000     0.000e+000     0.000e+000     0.000e+000     0.000e+000
2.000e+000     0.000e+000     0.000e+000     0.000e+000     0.000e+000     0.000e+000     0.000e+000
15
1.000e-001    -1.500e+002     5.170e+002     5.170e+004     1.190e+003     1.670e+006     1.980e+004
2.000e-001    -4.830e+002     3.430e+003     2.040e+005     3.600e+002     7.830e+006    -5.710e+004
3.000e-001     1.560e+002     9.240e+003     4.160e+005    -1.850e+004     1.590e+007    -1.090e+006
4.000e-001     7.760e+001     1.170e+004     6.300e+005    -9.420e+004     2.030e+007    -5.750e+006
5.000e-001     0.000e+000     0.000e+000     0.000e+000     0.000e+000     0.000e+000     0.000e+000
6.000e-001     0.000e+000     0.000e+000     0.000e+000     0.000e+000     0.000e+000     0.000e+000
7.000e-001     0.000e+000     0.000e+000     0.000e+000     0.000e+000     0.000e+000     0.000e+000
8.000e-001     0.000e+000     0.000e+000     0.000e+000     0.000e+000     0.000e+000     0.000e+000
9.000e-001     0.000e+000     0.000e+000     0.000e+000     0.000e+000     0.000e+000     0.000e+000
1.000e+000     0.000e+000     0.000e+000     0.000e+000     0.000e+000     0.000e+000     0.000e+000
1.100e+000     0.000e+000     0.000e+000     0.000e+000     0.000e+000     0.000e+000     0.000e+000
1.200e+000     0.000e+000     0.000e+000     0.000e+000     0.000e+000     0.000e+000     0.000e+000
1.300e+000     0.000e+000     0.000e+000     0.000e+000     0.000e+000     0.000e+000     0.000e+000
1.400e+000     0.000e+000     0.000e+000     0.000e+000     0.000e+000     0.000e+000     0.000e+000
1.500e+000     0.000e+000     0.000e+000     0.000e+000     0.000e+000     0.000e+000     0.000e+000
1.600e+000     0.000e+000     0.000e+000     0.000e+000     0.000e+000     0.000e+000     0.000e+000
1.700e+000     0.000e+000     0.000e+000     0.000e+000     0.000e+000     0.000e+000     0.000e+000
1.800e+000     0.000e+000     0.000e+000     0.000e+000     0.000e+000     0.000e+000     0.000e+000
1.900e+000     0.000e+000     0.000e+000     0.000e+000     0.000e+000     0.000e+000     0.000e+000
2.000e+000     0.000e+000     0.000e+000     0.000e+000     0.000e+000     0.000e+000     0.000e+000
30
1.000e-001    -7.120e+001     1.000e+003     5.470e+004     2.300e+003     1.700e+006     4.770e+004
2.000e-001    -3.670e+002     7.000e+003     2.150e+005    -4.190e+002     8.280e+006     6.450e+003
3.000e-001     7.530e+002     2.050e+004     4.350e+005    -4.310e+004     1.780e+007    -1.340e+006
4.000e-001     9.470e+002     2.870e+004     5.750e+005    -1.180e+005     2.360e+007    -6.710e+006
5.000e-001     0.000e+000     0.000e+000     0.000e+000     0.000e+000     0.000e+000     0.000e+000
6.000e-001     0.000e+000     0.000e+000     0.000e+000     0.000e+000     0.000e+000     0.000e+000
7.000e-001     0.000e+000     0.000e+000     0.000e+000     0.000e+000     0.000e+000     0.000e+000
8.000e-001     0.000e+000     0.000e+000     0.000e+000     0.000e+000     0.000e+000     0.000e+000
9.000e-001     0.000e+000     0.000e+000     0.000e+000     0.000e+000     0.000e+000     0.000e+000
1.000e+000     0.000e+000     0.000e+000     0.000e+000     0.000e+000     0.000e+000     0.000e+000
1.100e+000     0.000e+000     0.000e+000     0.000e+000     0.000e+000     0.000e+000     0.000e+000
1.200e+000     0.000e+000     0.000e+000     0.000e+000     0.000e+000     0.000e+000     0.000e+000
1.300e+000     0.000e+000     0.000e+000     0.000e+000     0.000e+000     0.000e+000     0.000e+000
1.400e+000     0.000e+000     0.000e+000     0.000e+000     0.000e+000     0.000e+000     0.000e+000
1.500e+000     0.000e+000     0.000e+000     0.000e+000     0.000e+000     0.000e+000     0.000e+000
1.600e+000     0.000e+000     0.000e+000     0.000e+000     0.000e+000     0.000e+000     0.000e+000
1.700e+000     0.000e+000     0.000e+000     0.000e+000     0.000e+000     0.000e+000     0.000e+000
1.800e+000     0.000e+000     0.000e+000     0.000e+000     0.000e+000     0.000e+000     0.000e+000
1.900e+000     0.000e+000     0.000e+000     0.000e+000     0.000e+000     0.000e+000     0.000e+000
2.000e+000     0.000e+000     0.000e+000     0.000e+000     0.000e+000     0.000e+000     0.000e+000
45
1.000e-001     3.120e+001     1.420e+003     5.880e+004     3.520e+003     1.740e+006     8.730e+004
2.000e-001    -2.700e+002     1.080e+004     2.320e+005    -3.250e+003     9.020e+006     2.460e+005
3.000e-001     1.380e+003     3.450e+004     4.730e+005    -9.580e+004     2.060e+007    -4.300e+005
4.000e-001     4.800e+003     5.940e+004     6.250e+005    -2.550e+005     3.120e+007    -3.990e+006
5.000e-001     2.570e+003     5.930e+004     5.540e+005    -3.330e+005     3.440e+007    -1.310e+007
6.000e-001     0.000e+000     0.000e+000     0.000e+000     0.000e+000     0.000e+000     0.000e+000
7.000e-001     0.000e+000     0.000e+000     0.000e+000     0.000e+000     0.000e+000     0.000e+000
8.000e-001     0.000e+000     0.000e+000     0.000e+000     0.000e+000     0.000e+000     0.000e+000
9.000e-001     0.000e+000     0.000e+000     0.000e+000     0.000e+000     0.000e+000     0.000e+000
1.000e+000     0.000e+000     0.000e+000     0.000e+000     0.000e+000     0.000e+000     0.000e+000
1.100e+000     0.000e+000     0.000e+000     0.000e+000     0.000e+000     0.000e+000     0.000e+000
1.200e+000     0.000e+000     0.000e+000     0.000e+000     0.000e+000     0.000e+000     0.000e+000
1.300e+000     0.000e+000     0.000e+000     0.000e+000     0.000e+000     0.000e+000     0.000e+000
1.400e+000     0.000e+000     0.000e+000     0.000e+000     0.000e+000     0.000e+000     0.000e+000
1.500e+000     0.000e+000     0.000e+000     0.000e+000     0.000e+000     0.000e+000     0.000e+000
1.600e+000     0.000e+000     0.000e+000     0.000e+000     0.000e+000     0.000e+000     0.000e+000
1.700e+000     0.000e+000     0.000e+000     0.000e+000     0.000e+000     0.000e+000     0.000e+000
1.800e+000     0.000e+000     0.000e+000     0.000e+000     0.000e+000     0.000e+000     0.000e+000
1.900e+000     0.000e+000     0.000e+000     0.000e+000     0.000e+000     0.000e+000     0.000e+000
2.000e+000     0.000e+000     0.000e+000     0.000e+000     0.000e+000     0.000e+000     0.000e+000
60
1.000e-001     1.260e+002     1.740e+003     6.290e+004     4.730e+003     1.800e+006     1.360e+005
2.000e-001    -2.830e+002     1.450e+004     2.530e+005    -1.040e+004     9.900e+006     6.320e+005
3.000e-001     7.950e+002     4.570e+004     5.050e+005    -1.720e+005     2.240e+007     1.550e+006
4.000e-001     5.440e+003     8.180e+004     6.720e+005    -4.580e+005     3.420e+007     3.920e+006
5.000e-001     1.140e+004     1.060e+005     7.010e+005    -7.490e+005     4.430e+007     5.470e+006
6.000e-001     1.380e+004     1.030e+005     5.380e+005    -9.840e+005     4.920e+007    -1.250e+006
7.000e-001     8.990e+003     6.620e+004     2.060e+005    -9.280e+005     4.490e+007    -1.260e+007
8.000e-001     2.830e+003     2.060e+004    -1.590e+005    -5.080e+005     3.140e+007    -1.670e+007
9.000e-001     0.000e+000     0.000e+000     0.000e+000     0.000e+000     0.000e+000     0.000e+000
1.000e+000     0.000e+000     0.000e+000     0.000e+000     0.000e+000     0.000e+000     0.000e+000
1.100e+000     0.000e+000     0.000e+000     0.000e+000     0.000e+000     0.000e+000     0.000e+000
1.200e+000     0.000e+000     0.000e+000     0.000e+000     0.000e+000     0.000e+000     0.000e+000
1.300e+000     0.000e+000     0.000e+000     0.000e+000     0.000e+000     0.000e+000     0.000e+000
1.400e+000     0.000e+000     0.000e+000     0.000e+000     0.000e+000     0.000e+000     0.000e+000
1.500e+000     0.000e+000     0.000e+000     0.000e+000     0.000e+000     0.000e+000     0.000e+000
1.600e+000     0.000e+000     0.000e+000     0.000e+000     0.000e+000     0.000e+000     0.000e+000
1.700e+000     0.000e+000     0.000e+000     0.000e+000     0.000e+000     0.000e+000     0.000e+000
1.800e+000     0.000e+000     0.000e+000     0.000e+000     0.000e+000     0.000e+000     0.000e+000
1.900e+000     0.000e+000     0.000e+000     0.000e+000     0.000e+000     0.000e+000     0.000e+000
2.000e+000     0.000e+000     0.000e+000     0.000e+000     0.000e+000     0.000e+000     0.000e+000
75
1.000e-001     1.900e+002     1.960e+003     6.620e+004     5.700e+003     1.870e+006     1.860e+005
2.000e-001    -4.050e+002     1.720e+004     2.710e+005    -2.080e+004     1.070e+007     1.070e+006
3.000e-001    -1.520e+003     4.510e+004     5.030e+005    -1.670e+005     2.220e+007     4.890e+006
4.000e-001     1.720e+003     8.670e+004     1.210e+006    -2.090e+006     3.400e+007    -3.270e+007
5.000e-001    -2.920e+003     8.990e+004     5.810e+005    -1.630e+006     1.990e+007    -1.110e+007
6.000e-001    -4.200e+003     9.340e+004     4.340e+005    -1.710e+006     1.500e+007    -7.550e+006
7.000e-001    -1.700e+003     8.540e+004     2.960e+005    -1.550e+006     1.200e+007    -4.650e+006
8.000e-001     4.780e+003     6.550e+004     1.750e+005    -1.120e+006     1.150e+007    -2.150e+006
9.000e-001     1.280e+004     3.990e+004     8.430e+004    -5.600e+005     1.230e+007    -4.480e+005
1.000e+000     1.950e+004     1.780e+004     3.050e+004    -1.170e+005     1.230e+007     3.380e+005
1.100e+000     2.390e+004     4.000e+003     9.610e+003     2.060e+004     1.010e+007     3.490e+005
1.200e+000     2.610e+004    -3.120e+003     6.070e+003    -8.960e+004     6.230e+006    -3.910e+005
1.300e+000     2.600e+004    -7.250e+003     9.650e+003    -2.220e+005     3.250e+006    -1.890e+006
1.400e+000     2.380e+004    -1.020e+004     6.930e+004    -3.160e+005     4.150e+006    -3.110e+006
1.500e+000     1.870e+004     1.830e+004     2.340e+006    -2.540e+006     7.030e+007     1.790e+006
1.600e+000     2.860e+004    -2.040e+004    -1.200e+004     9.740e+005     5.900e+005    -3.070e+006
1.700e+000     3.360e+004    -1.300e+003     3.070e+004     4.100e+005     3.790e+006    -1.160e+006
1.800e+000     0.000e+000     0.000e+000     0.000e+000     0.000e+000     0.000e+000     0.000e+000
1.900e+000     0.000e+000     0.000e+000     0.000e+000     0.000e+000     0.000e+000     0.000e+000
2.000e+000     0.000e+000     0.000e+000     0.000e+000     0.000e+000     0.000e+000     0.000e+000
90
1.000e-001     2.110e+002     2.060e+003     6.800e+004     6.260e+003     1.940e+006     2.280e+005
2.000e-001    -4.540e+002     1.780e+004     2.820e+005    -2.950e+004     1.120e+007     1.420e+006
3.000e-001     5.330e+003    -5.670e+004     2.900e+007     8.410e+006     8.520e+008     1.890e+008
4.000e-001    -9.730e+003     3.930e+004     4.250e+005    -7.980e+005     1.510e+007    -2.580e+006
5.000e-001    -1.980e+004     4.310e+004     3.990e+005    -9.210e+005     1.170e+007     3.060e+005
6.000e-001    -2.260e+004     4.700e+004     4.630e+005    -9.720e+005     1.330e+007     3.060e+006
7.000e-001    -1.840e+004     4.710e+004     5.910e+005    -9.660e+005     2.000e+007     4.480e+006
8.000e-001    -1.480e+004     6.190e+004     8.180e+005    -1.110e+006     3.150e+007     3.180e+006
9.000e-001     3.070e+004     2.650e+005     1.360e+006    -2.400e+006     6.420e+007    -5.890e+006
1.000e+000     5.250e+004     8.050e+005     8.170e+005    -5.370e+006     5.080e+007    -1.310e+007
1.100e+000     1.520e+004     8.000e+005     3.590e+005    -4.790e+006     2.250e+007    -7.290e+006
1.200e+000    -5.450e+002     7.730e+005     2.600e+005    -4.180e+006     1.350e+007    -3.480e+006
1.300e+000    -7.630e+003     7.800e+005     2.580e+005    -3.800e+006     1.010e+007    -9.790e+005
1.400e+000    -1.130e+004     7.900e+005     2.610e+005    -3.610e+006     8.530e+006     6.460e+005
1.500e+000    -1.110e+004     7.970e+005     2.380e+005    -3.420e+006     7.390e+006     1.760e+006
1.600e+000    -1.320e+004     8.290e+005     2.720e+005    -2.930e+006     7.620e+006     2.480e+006
1.700e+000    -1.250e+004     8.260e+005     2.870e+005    -3.150e+006     7.580e+006     2.830e+006
1.800e+000    -1.160e+004     8.270e+005     2.900e+005    -3.070e+006     7.700e+006     3.000e+006
1.900e+000    -8.500e+003     8.200e+005     9.130e+004    -2.960e+006     2.990e+006     7.460e+005
2.000e+000    -1.090e+004     8.230e+005     3.020e+005    -2.840e+006     8.180e+006     2.620e+006
105
1.000e-001     1.930e+002     2.030e+003     6.830e+004     6.320e+003     2.010e+006     2.520e+005
2.000e-001    -1.290e+002     1.600e+004     2.830e+005    -3.050e+004     1.150e+007     1.610e+006
3.000e-001    -1.650e+003     2.110e+004     3.810e+005    -4.520e+005     1.520e+007    -2.430e+006
4.000e-001    -7.430e+003     1.150e+004     3.810e+005    -4.220e+005     1.250e+007     3.750e+005
5.000e-001     8.370e+002    -1.830e+004     6.100e+005    -2.610e+005     1.680e+007     2.260e+006
6.000e-001     3.070e+004    -7.140e+004     1.360e+006    -6.250e+004     3.800e+007     2.050e+006
7.000e-001     2.810e+004     1.150e+006     3.050e+006    -5.650e+006     1.190e+008    -1.280e+007
8.000e-001    -5.500e+004     1.030e+006     5.810e+005    -4.360e+006     2.540e+007    -1.030e+007
9.000e-001    -4.880e+004     8.230e+005     2.510e+005    -3.130e+006     1.070e+007    -4.270e+006
1.000e+000    -4.470e+004     8.650e+005     2.790e+005    -2.960e+006     5.770e+006     1.550e+006
1.100e+000    -4.460e+004     9.450e+005     2.670e+005    -2.950e+006     5.350e+006     4.320e+006
1.200e+000    -3.890e+004     1.000e+006     2.600e+005    -2.830e+006     6.110e+006     5.310e+006
1.300e+000    -4.020e+004     1.110e+006     2.700e+005    -2.950e+006     7.420e+006     3.970e+006
1.400e+000    -4.050e+004     1.090e+006     2.750e+005    -2.960e+006     7.450e+006     3.400e+006
1.500e+000    -4.390e+004     1.170e+006     2.930e+005    -2.740e+006     8.550e+006     3.300e+006
1.600e+000    -1.520e+005     1.120e+006    -2.720e+005    -2.920e+006    -1.900e+007    -3.800e+006
1.700e+000    -5.330e+004     1.150e+006     2.840e+005    -2.690e+006     7.330e+006     3.910e+006
1.800e+000    -5.660e+004     1.160e+006     2.710e+005    -2.550e+006     7.050e+006     2.960e+006
1.900e+000    -8.390e+004     1.140e+006     1.940e+005    -2.570e+006     3.220e+006    -6.520e+004
2.000e+000    -1.040e+005     1.220e+006     1.230e+005    -2.840e+006    -6.060e+005     8.200e+004
120
1.000e-001     1.480e+002     1.860e+003     6.710e+004     5.840e+003     2.060e+006     2.520e+005
2.000e-001     7.490e+002     1.260e+004     2.740e+005    -2.140e+004     1.150e+007     1.610e+006
3.000e-001     1.620e+003     8.070e+003     3.140e+005    -2.470e+005     1.290e+007    -4.350e+005
4.000e-001     8.370e+003    -1.260e+004     4.630e+005    -1.360e+005     1.320e+007     1.220e+006
5.000e-001     3.880e+004    -7.200e+004     1.240e+006     4.840e+004     2.810e+007     2.640e+006
6.000e-001    -1.870e+005     1.210e+006     3.720e+006    -4.540e+006     1.330e+008    -7.690e+006
7.000e-001    -1.410e+005     8.370e+005     3.290e+005    -2.740e+006     1.540e+007    -3.900e+006
8.000e-001    -8.470e+004     7.480e+005     1.440e+005    -2.340e+006     4.300e+006     4.550e+006
9.000e-001    -6.820e+004     8.680e+005     1.580e+005    -2.520e+006     5.500e+006     7.540e+006
1.000e+000    -9.820e+004     1.250e+006    -9.460e+005    -2.490e+006    -6.060e+006     2.390e+006
1.100e+000    -6.480e+004     9.760e+005     1.950e+005    -2.460e+006     7.930e+006     5.280e+006
1.200e+000    -3.240e+005     1.560e+006    -2.100e+006    -4.780e+006    -7.880e+007    -1.990e+007
1.300e+000    -7.940e+004     9.980e+005     2.190e+005    -2.220e+006     6.860e+006     6.180e+006
1.400e+000    -9.030e+004     1.030e+006     2.200e+005    -2.350e+006     5.760e+006     5.180e+006
1.500e+000    -9.830e+004     1.040e+006     1.850e+005    -2.210e+006     3.240e+006     3.750e+006
1.600e+000    -1.570e+005     1.020e+006     5.540e+004    -1.990e+006    -4.890e+006     6.280e+006
1.700e+000    -1.880e+005     9.820e+005     9.510e+002    -1.890e+006    -7.930e+006     4.170e+006
1.800e+000    -2.070e+005     9.720e+005     9.110e+004    -2.290e+006    -4.030e+006     3.540e+006
1.900e+000    -2.640e+005     9.600e+005     4.920e+004    -2.640e+006    -7.930e+006    -3.860e+005
2.000e+000    -3.620e+005     1.050e+006    -1.940e+005    -3.610e+006    -2.790e+007    -7.540e+006
135
1.000e-001     9.330e+001     1.550e+003     6.500e+004     4.890e+003     2.110e+006     2.230e+005
2.000e-001     2.040e+003     8.600e+003     2.600e+005    -4.930e+003     1.140e+007     1.470e+006
3.000e-001     6.150e+003     9.910e+002     2.850e+005    -1.290e+005     1.150e+007     8.090e+004
4.000e-001     2.770e+004    -2.960e+004     6.240e+005     1.440e+004     1.460e+007     1.400e+006
5.000e-001    -9.690e+003     9.890e+004     3.310e+006    -5.980e+005     7.830e+007     5.580e+006
6.000e-001    -2.530e+005     7.340e+005     5.830e+005    -2.200e+006     2.830e+007    -4.410e+006
7.000e-001    -1.080e+005     5.910e+005     3.520e+004    -1.760e+006     3.350e+006     4.900e+006
8.000e-001    -7.960e+004     7.030e+005     9.380e+004    -2.020e+006     5.480e+006     6.980e+006
9.000e-001    -7.540e+004     7.440e+005     1.250e+005    -2.020e+006     7.320e+006     5.470e+006
1.000e+000    -8.600e+004     7.770e+005     1.240e+005    -1.840e+006     5.680e+006     6.060e+006
1.100e+000    -8.040e+004     7.760e+005     1.230e+005    -1.670e+006     5.580e+006     8.220e+006
1.200e+000    -9.040e+004     7.910e+005     1.650e+005    -1.690e+006     5.550e+006     6.530e+006
1.300e+000    -1.100e+005     7.470e+005     8.780e+004    -1.670e+006     9.140e+005     4.210e+006
1.400e+000    -1.240e+005     7.680e+005     1.330e+005    -1.720e+006     1.500e+006     4.220e+006
1.500e+000    -1.550e+005     7.610e+005     8.570e+004    -1.700e+006    -2.470e+006     5.470e+006
1.600e+000    -2.160e+005     7.290e+005     2.090e+004    -1.870e+006    -7.570e+006     1.820e+006
1.700e+000    -2.720e+005     6.740e+005    -2.080e+004    -2.090e+006    -1.280e+007     4.100e+005
1.800e+000    -2.910e+005     6.550e+005    -1.100e+005    -2.150e+006    -2.530e+007    -2.320e+006
1.900e+000    -4.980e+005     3.650e+005     2.050e+004    -1.880e+006    -1.840e+007     1.760e+007
2.000e+000    -1.500e+006     9.280e+005    -6.350e+005    -1.380e+006    -8.760e+007     1.720e+007
150
1.000e-001     4.500e+001     1.110e+003     6.260e+004     3.560e+003     2.140e+006     1.670e+005
2.000e-001     3.380e+003     5.010e+003     2.440e+005     1.100e+004     1.110e+007     1.190e+006
3.000e-001     1.060e+004    -1.850e+003     2.770e+005    -5.840e+004     1.080e+007     2.070e+005
4.000e-001     3.680e+004    -2.990e+004     8.250e+005     3.280e+004     1.560e+007     1.350e+006
5.000e-001    -4.200e+005     5.580e+005     5.040e+006    -1.570e+006     1.510e+008     1.430e+006
6.000e-001    -1.730e+005     3.540e+005    -2.500e+005    -1.280e+006     6.740e+006     3.080e+005
7.000e-001    -9.390e+004     4.470e+005     2.490e+004    -1.340e+006     3.720e+006     5.220e+006
8.000e-001    -8.040e+004     4.910e+005     8.440e+004    -1.370e+006     6.580e+006     4.510e+006
9.000e-001    -8.540e+004     5.090e+005     7.930e+004    -1.260e+006     4.960e+006     4.630e+006
1.000e+000    -9.870e+004     5.610e+005     2.110e+003    -1.330e+006     2.090e+006     5.090e+006
1.100e+000    -1.260e+005     5.760e+005    -4.610e+004    -1.220e+006    -3.300e+006     5.520e+006
1.200e+000    -1.010e+005     5.040e+005     1.040e+005    -1.090e+006     2.650e+006     4.450e+006
1.300e+000    -1.190e+005     4.680e+005     8.610e+004    -1.080e+006    -4.230e+004     4.760e+006
1.400e+000    -1.580e+005     4.720e+005     3.460e+004    -1.060e+006    -4.530e+006     5.010e+006
1.500e+000    -1.950e+005     4.930e+005     1.980e+004    -1.200e+006    -8.350e+006     3.360e+006
1.600e+000    -3.200e+007     2.400e+006    -7.680e+007    -1.950e+007    -5.660e+009    -4.200e+007
1.700e+000    -1.740e+005     3.690e+005     2.210e+005    -1.330e+006     2.380e+005    -3.540e+006
1.800e+000    -1.220e+006     2.380e+005    -1.370e+006    -1.200e+006    -1.590e+008     2.110e+007
1.900e+000    -1.310e+005    -2.360e+004     4.110e+005    -1.140e+006     6.150e+006    -2.620e+006
2.000e+000    -5.490e+004     1.210e+005     3.210e+005    -1.110e+006     7.650e+005    -3.640e+006
165
1.000e-001     1.290e+001     5.830e+002     6.090e+004     1.970e+003     2.160e+006     8.920e+004
2.000e-001     4.350e+003     2.200e+003     2.320e+005     1.490e+004     1.090e+007     7.120e+005
3.000e-001     1.390e+004    -1.740e+003     2.780e+005    -2.070e+004     1.040e+007     1.480e+005
4.000e-001     3.600e+004    -1.690e+004     1.010e+006     9.450e+003     1.670e+007     8.930e+005
5.000e-001    -5.740e+005     3.490e+005     3.300e+006    -8.490e+005     1.140e+008    -1.370e+006
6.000e-001    -1.550e+005     1.980e+005    -1.770e+004    -5.630e+005     3.160e+006     1.610e+006
7.000e-001    -8.910e+004     2.340e+005     3.050e+004    -6.760e+005     4.630e+006     2.850e+006
8.000e-001    -8.820e+004     2.570e+005     7.070e+004    -6.880e+005     5.640e+006     2.280e+006
9.000e-001    -8.180e+004     2.470e+005     5.660e+004    -5.950e+005     4.070e+006     3.050e+006
1.000e+000    -8.010e+004     2.580e+005     9.350e+004    -5.880e+005     4.200e+006     3.150e+006
1.100e+000    -8.600e+004     2.620e+005     1.120e+005    -5.680e+005     4.050e+006     3.080e+006
1.200e+000    -9.380e+004     2.590e+005     6.630e+004    -5.520e+005    -4.110e+005     2.990e+006
1.300e+000    -1.450e+005     2.450e+005    -4.900e+004    -5.270e+005    -7.950e+006     1.770e+006
1.400e+000    -1.590e+005     2.430e+005     3.240e+003    -5.860e+005    -7.610e+006     1.990e+006
1.500e+000    -3.090e+005     2.450e+005    -2.560e+005    -6.520e+005    -2.570e+007     3.180e+006
1.600e+000    -4.630e+005     4.380e+004    -3.220e+005     3.050e+005    -3.820e+007     1.330e+007
1.700e+000    -1.180e+006     9.840e+005     3.780e+004     4.710e+006    -4.260e+007    -3.170e+007
1.800e+000    -5.000e+005     4.150e+005     2.770e+005    -1.290e+006     1.160e+006    -3.870e+006
1.900e+000    -6.530e+004     7.020e+004     2.310e+005    -6.280e+005    -5.060e+006    -2.660e+006
2.000e+000     8.180e+004     1.430e+005     3.260e+005    -3.100e+005    -3.330e+005    -1.130e+007
180
1.000e-001     1.690e+000    -8.430e-001     6.020e+004     2.560e+002     2.160e+006     8.590e+001
2.000e-001     4.700e+003    -7.970e-001     2.280e+005     8.990e+002     1.080e+007     1.040e+003
3.000e-001     1.510e+004    -3.730e+000     2.790e+005     2.860e+002     1.030e+007     2.940e+002
4.000e-001     3.400e+004     4.500e+001     1.100e+006     1.740e+003     1.730e+007     4.170e+003
5.000e-001    -5.650e+005     7.580e+002     2.620e+006     7.760e+003     9.450e+007     7.080e+003
6.000e-001    -1.520e+005     2.890e+002    -1.510e+005    -6.200e+003    -4.400e+005     1.680e+004
7.000e-001    -8.670e+004    -2.170e+002     3.860e+004     3.260e+003     5.020e+006     1.230e+004
8.000e-001    -8.910e+004     3.160e+002     6.340e+004     3.150e+003     5.100e+006    -2.550e+003
9.000e-001    -8.430e+004     1.840e+002     6.330e+004     5.040e+003     3.660e+006    -4.090e+003
1.000e+000    -1.040e+005     2.060e+003    -2.930e+004     5.120e+003    -1.990e+006    -8.150e+004
1.100e+000    -1.240e+005     1.250e+004    -1.940e+005    -2.530e+004    -1.430e+007    -1.080e+006
1.200e+000    -1.110e+005    -1.170e+003     5.230e+004    -8.270e+003    -1.210e+006    -4.450e+005
1.300e+000    -1.210e+005    -1.570e+003     4.720e+004    -3.890e+002    -3.720e+006     4.350e+003
1.400e+000    -1.730e+005    -8.200e+003    -2.660e+004     7.670e+004    -9.970e+006     1.300e+006
1.500e+000    -2.550e+005    -2.090e+004    -1.900e+005     1.370e+005    -2.580e+007     1.350e+006
1.600e+000    -2.740e+005     6.380e+004     1.030e+005    -7.100e+004    -7.540e+006    -6.120e+006
1.700e+000    -5.580e+005    -3.930e+005     8.120e+005    -7.380e+005     3.020e+007     8.590e+006
1.800e+000    -2.370e+005    -3.520e+003     1.990e+005    -1.120e+005    -6.390e+006    -3.980e+005
1.900e+000     2.080e+004     3.320e+004     2.780e+005    -4.890e+004    -1.900e+006    -2.800e+006
2.000e+000     1.470e+005     4.070e+004     3.200e+005     1.000e+005    -1.940e+006    -3.410e+006
