13 20
0
7.595e-01    -1.942e-01    -1.430e-03    4.247e+02    7.904e-03    9.166e+01    -6.401e-04
1.519e+00    1.942e+00    -4.334e-03    1.446e+03    3.847e-02    4.057e+02    -7.212e-03
2.279e+00    2.618e+01    2.774e-03    3.034e+03    9.166e-02    1.034e+03    4.117e-03
3.038e+00    7.870e+01    1.416e-02    4.421e+03    1.755e-01    2.167e+03    1.223e-01
3.798e+00    1.082e+02    -2.150e-02    5.045e+03    3.216e-01    3.877e+03    5.439e-01
4.557e+00    1.125e+02    -3.328e-01    4.837e+03    4.688e-01    5.229e+03    1.022e+00
5.317e+00    1.553e+02    -8.893e-01    3.415e+03    3.817e-01    4.598e+03    1.079e+00
6.076e+00    0.000e+00    0.000e+00    0.000e+00    0.000e+00    0.000e+00    0.000e+00
6.836e+00    0.000e+00    0.000e+00    0.000e+00    0.000e+00    0.000e+00    0.000e+00
7.595e+00    0.000e+00    0.000e+00    0.000e+00    0.000e+00    0.000e+00    0.000e+00
8.355e+00    0.000e+00    0.000e+00    0.000e+00    0.000e+00    0.000e+00    0.000e+00
9.114e+00    0.000e+00    0.000e+00    0.000e+00    0.000e+00    0.000e+00    0.000e+00
9.874e+00    0.000e+00    0.000e+00    0.000e+00    0.000e+00    0.000e+00    0.000e+00
1.063e+01    0.000e+00    0.000e+00    0.000e+00    0.000e+00    0.000e+00    0.000e+00
1.139e+01    0.000e+00    0.000e+00    0.000e+00    0.000e+00    0.000e+00    0.000e+00
1.215e+01    0.000e+00    0.000e+00    0.000e+00    0.000e+00    0.000e+00    0.000e+00
1.291e+01    0.000e+00    0.000e+00    0.000e+00    0.000e+00    0.000e+00    0.000e+00
1.367e+01    0.000e+00    0.000e+00    0.000e+00    0.000e+00    0.000e+00    0.000e+00
1.443e+01    0.000e+00    0.000e+00    0.000e+00    0.000e+00    0.000e+00    0.000e+00
1.519e+01    0.000e+00    0.000e+00    0.000e+00    0.000e+00    0.000e+00    0.000e+00
15
7.595e-01    1.191e-01    1.399e+00    4.351e+02    7.423e-02    9.316e+01    -5.920e-01
1.519e+00    2.080e+00    8.165e+00    1.442e+03    -4.628e-01    4.117e+02    -2.846e+01
2.279e+00    2.566e+01    2.479e+01    2.964e+03    -3.877e+00    1.049e+03    -1.755e+02
3.038e+00    7.922e+01    4.178e+01    4.247e+03    -8.655e+00    2.164e+03    -5.319e+02
3.798e+00    1.130e+02    3.571e+01    4.750e+03    -8.775e+00    3.847e+03    -1.001e+03
4.557e+00    1.146e+02    2.288e+01    4.473e+03    -1.085e+01    5.199e+03    -1.163e+03
5.317e+00    1.508e+02    8.338e+01    3.207e+03    -1.181e+01    4.718e+03    -6.882e+02
6.076e+00    0.000e+00    0.000e+00    0.000e+00    0.000e+00    0.000e+00    0.000e+00
6.836e+00    0.000e+00    0.000e+00    0.000e+00    0.000e+00    0.000e+00    0.000e+00
7.595e+00    0.000e+00    0.000e+00    0.000e+00    0.000e+00    0.000e+00    0.000e+00
8.355e+00    0.000e+00    0.000e+00    0.000e+00    0.000e+00    0.000e+00    0.000e+00
9.114e+00    0.000e+00    0.000e+00    0.000e+00    0.000e+00    0.000e+00    0.000e+00
9.874e+00    0.000e+00    0.000e+00    0.000e+00    0.000e+00    0.000e+00    0.000e+00
1.063e+01    0.000e+00    0.000e+00    0.000e+00    0.000e+00    0.000e+00    0.000e+00
1.139e+01    0.000e+00    0.000e+00    0.000e+00    0.000e+00    0.000e+00    0.000e+00
1.215e+01    0.000e+00    0.000e+00    0.000e+00    0.000e+00    0.000e+00    0.000e+00
1.291e+01    0.000e+00    0.000e+00    0.000e+00    0.000e+00    0.000e+00    0.000e+00
1.367e+01    0.000e+00    0.000e+00    0.000e+00    0.000e+00    0.000e+00    0.000e+00
1.443e+01    0.000e+00    0.000e+00    0.000e+00    0.000e+00    0.000e+00    0.000e+00
1.519e+01    0.000e+00    0.000e+00    0.000e+00    0.000e+00    0.000e+00    0.000e+00
30
7.595e-01    9.552e-01    2.722e+00    4.646e+02    1.665e-01    9.827e+01    4.718e-01
1.519e+00    2.410e+00    1.564e+01    1.442e+03    -8.054e-01    4.327e+02    -3.997e+01
2.279e+00    2.340e+01    4.750e+01    2.843e+03    -7.813e+00    1.088e+03    -2.735e+02
3.038e+00    7.905e+01    8.390e+01    3.970e+03    -1.995e+01    2.200e+03    -8.865e+02
3.798e+00    1.278e+02    7.437e+01    4.317e+03    -1.959e+01    3.787e+03    -1.782e+03
4.557e+00    1.330e+02    1.078e+01    3.831e+03    -1.313e+01    5.139e+03    -2.242e+03
5.317e+00    1.505e+02    6.986e+00    2.739e+03    -2.921e+01    5.019e+03    -1.728e+03
6.076e+00    1.890e+02    1.009e+02    1.298e+03    -1.833e+01    3.426e+03    -7.874e+02
6.836e+00    0.000e+00    0.000e+00    0.000e+00    0.000e+00    0.000e+00    0.000e+00
7.595e+00    0.000e+00    0.000e+00    0.000e+00    0.000e+00    0.000e+00    0.000e+00
8.355e+00    0.000e+00    0.000e+00    0.000e+00    0.000e+00    0.000e+00    0.000e+00
9.114e+00    0.000e+00    0.000e+00    0.000e+00    0.000e+00    0.000e+00    0.000e+00
9.874e+00    0.000e+00    0.000e+00    0.000e+00    0.000e+00    0.000e+00    0.000e+00
1.063e+01    0.000e+00    0.000e+00    0.000e+00    0.000e+00    0.000e+00    0.000e+00
1.139e+01    0.000e+00    0.000e+00    0.000e+00    0.000e+00    0.000e+00    0.000e+00
1.215e+01    0.000e+00    0.000e+00    0.000e+00    0.000e+00    0.000e+00    0.000e+00
1.291e+01    0.000e+00    0.000e+00    0.000e+00    0.000e+00    0.000e+00    0.000e+00
1.367e+01    0.000e+00    0.000e+00    0.000e+00    0.000e+00    0.000e+00    0.000e+00
1.443e+01    0.000e+00    0.000e+00    0.000e+00    0.000e+00    0.000e+00    0.000e+00
1.519e+01    0.000e+00    0.000e+00    0.000e+00    0.000e+00    0.000e+00    0.000e+00
45
7.595e-01    2.046e+00    3.848e+00    5.027e+02    2.915e-01    1.052e+02    3.997e+00
1.519e+00    2.670e+00    2.167e+01    1.461e+03    -9.226e-01    4.628e+02    -2.660e+01
2.279e+00    1.855e+01    6.587e+01    2.808e+03    -1.196e+01    1.163e+03    -2.684e+02
3.038e+00    6.709e+01    1.220e+02    4.317e+03    -4.087e+01    2.618e+03    -1.127e+03
3.798e+00    1.172e+02    7.333e+01    1.331e+04    -5.379e+01    8.955e+03    -3.636e+03
4.557e+00    1.642e+02    -1.094e+02    3.502e+04    1.136e+02    2.089e+04    -6.311e+03
5.317e+00    1.855e+02    -1.425e+02    9.638e+03    1.160e+02    8.414e+03    -3.817e+03
6.076e+00    2.011e+02    -1.366e+02    1.503e+03    -1.926e+01    4.177e+03    -1.854e+03
6.836e+00    2.115e+02    -6.206e+01    -4.473e+02    -3.095e+01    2.518e+03    -9.617e+02
7.595e+00    2.150e+02    -1.031e+02    -2.046e+02    2.010e+01    2.245e+03    -1.034e+03
8.355e+00    0.000e+00    0.000e+00    0.000e+00    0.000e+00    0.000e+00    0.000e+00
9.114e+00    0.000e+00    0.000e+00    0.000e+00    0.000e+00    0.000e+00    0.000e+00
9.874e+00    0.000e+00    0.000e+00    0.000e+00    0.000e+00    0.000e+00    0.000e+00
1.063e+01    0.000e+00    0.000e+00    0.000e+00    0.000e+00    0.000e+00    0.000e+00
1.139e+01    0.000e+00    0.000e+00    0.000e+00    0.000e+00    0.000e+00    0.000e+00
1.215e+01    0.000e+00    0.000e+00    0.000e+00    0.000e+00    0.000e+00    0.000e+00
1.291e+01    0.000e+00    0.000e+00    0.000e+00    0.000e+00    0.000e+00    0.000e+00
1.367e+01    0.000e+00    0.000e+00    0.000e+00    0.000e+00    0.000e+00    0.000e+00
1.443e+01    0.000e+00    0.000e+00    0.000e+00    0.000e+00    0.000e+00    0.000e+00
1.519e+01    0.000e+00    0.000e+00    0.000e+00    0.000e+00    0.000e+00    0.000e+00
60
7.595e-01    3.051e+00    4.698e+00    5.409e+02    4.418e-01    1.124e+02    9.647e+00
1.519e+00    2.635e+00    2.583e+01    1.513e+03    -8.565e-01    4.928e+02    6.401e+00
2.279e+00    9.413e+00    7.610e+01    2.982e+03    -1.662e+01    1.301e+03    -2.137e+02
3.038e+00    2.895e+03    1.626e+03    2.375e+06    1.058e+03    1.106e+06    3.035e+04
3.798e+00    1.609e+02    3.970e+02    7.766e+03    -4.327e+01    3.516e+03    4.357e+02
4.557e+00    2.184e+02    4.265e+02    6.137e+03    -7.693e+01    4.027e+03    -2.179e+02
5.317e+00    2.202e+02    2.479e+02    4.178e+03    -8.895e+01    4.267e+03    -7.092e+02
6.076e+00    1.838e+02    -5.027e+01    1.574e+03    -1.052e+02    3.546e+03    -1.055e+03
6.836e+00    1.890e+02    -2.496e+02    -8.113e+02    -1.097e+02    2.131e+03    -1.181e+03
7.595e+00    2.462e+02    -2.427e+02    -9.292e+02    -4.177e+01    1.566e+03    -9.436e+02
8.355e+00    2.912e+02    -1.200e+02    4.369e+03    4.087e+01    3.636e+03    -3.817e+02
9.114e+00    3.814e+02    -2.964e+01    5.461e+04    -2.681e+01    2.657e+04    4.267e+02
9.874e+00    3.571e+02    -2.011e+02    8.442e+03    5.770e+00    6.191e+03    -6.882e+02
1.063e+01    3.294e+02    -1.751e+02    1.616e+03    8.264e+00    2.311e+03    -4.147e+02
1.139e+01    3.103e+02    -1.786e+02    1.347e+03    1.548e+01    2.007e+03    -4.297e+02
1.215e+01    0.000e+00    0.000e+00    0.000e+00    0.000e+00    0.000e+00    0.000e+00
1.291e+01    0.000e+00    0.000e+00    0.000e+00    0.000e+00    0.000e+00    0.000e+00
1.367e+01    0.000e+00    0.000e+00    0.000e+00    0.000e+00    0.000e+00    0.000e+00
1.443e+01    0.000e+00    0.000e+00    0.000e+00    0.000e+00    0.000e+00    0.000e+00
1.519e+01    0.000e+00    0.000e+00    0.000e+00    0.000e+00    0.000e+00    0.000e+00
75
7.595e-01    3.710e+00    5.183e+00    5.686e+02    5.800e-01    1.184e+02    1.605e+01
1.519e+00    2.392e+00    2.756e+01    1.591e+03    -6.822e-01    5.229e+02    4.568e+01
2.279e+00    -3.138e+00    6.865e+01    3.606e+03    -2.317e+01    1.698e+03    -3.035e+02
3.038e+00    2.098e+01    2.323e+02    5.998e+03    -2.891e+01    2.131e+03    8.475e+02
3.798e+00    2.150e+01    4.351e+02    6.275e+03    -8.565e+01    2.627e+03    6.491e+02
4.557e+00    5.010e+01    6.813e+02    6.206e+03    -1.262e+02    3.095e+03    6.611e+02
5.317e+00    1.543e+02    9.049e+02    5.721e+03    -1.274e+02    3.726e+03    7.062e+02
6.076e+00    3.120e+02    1.111e+03    5.045e+03    -9.887e+01    4.538e+03    6.040e+02
6.836e+00    4.525e+02    1.390e+03    4.161e+03    -8.895e+01    5.079e+03    2.413e+02
7.595e+00    5.686e+02    1.820e+03    3.190e+03    -1.605e+02    4.898e+03    -3.306e+02
8.355e+00    6.570e+02    2.271e+03    2.462e+03    -3.216e+02    3.636e+03    -8.324e+02
9.114e+00    6.189e+02    2.306e+03    2.098e+03    -4.838e+02    1.728e+03    -9.556e+02
9.874e+00    4.004e+02    1.723e+03    1.820e+03    -5.409e+02    7.423e+02    -8.204e+02
1.063e+01    1.236e+02    8.425e+02    1.004e+03    -4.688e+02    1.737e+03    -9.016e+02
1.139e+01    4.854e+01    2.462e+02    -2.202e+02    -3.155e+02    3.216e+03    -1.187e+03
1.215e+01    3.207e+02    3.190e+02    -5.270e+02    -2.025e+02    3.095e+03    -1.079e+03
1.291e+01    6.293e+02    7.506e+02    6.085e+02    -2.242e+02    1.923e+03    -5.560e+02
1.367e+01    5.478e+02    6.570e+02    1.519e+03    -2.338e+02    1.824e+03    -4.297e+02
1.443e+01    3.536e+02    8.217e+01    1.245e+03    -7.483e+01    2.269e+03    -7.453e+02
1.519e+01    4.542e+02    1.543e+01    1.181e+03    6.641e+00    1.737e+03    -6.401e+02
90
7.595e-01    3.848e+00    5.270e+00    5.790e+02    6.822e-01    1.214e+02    2.155e+01
1.519e+00    2.340e+00    2.652e+01    1.676e+03    -4.658e-01    5.469e+02    7.603e+01
2.279e+00    1.803e+02    -2.930e+02    3.380e+05    -2.089e+02    1.662e+05    -1.244e+04
3.038e+00    -2.930e+01    1.397e+02    5.703e+03    -3.967e+01    2.221e+03    8.505e+02
3.798e+00    -1.097e+02    2.358e+02    7.004e+03    -8.595e+01    3.065e+03    1.025e+03
4.557e+00    -1.501e+02    3.432e+02    8.529e+03    -1.136e+02    4.297e+03    1.307e+03
5.317e+00    -1.337e+02    6.518e+02    1.064e+04    -1.500e+02    6.641e+03    1.451e+03
6.076e+00    -1.295e+02    2.202e+03    1.347e+04    -3.366e+02    1.082e+04    6.641e+02
6.836e+00    1.924e+02    8.148e+03    1.423e+04    -1.004e+03    1.445e+04    -1.914e+03
7.595e+00    9.292e+01    1.297e+04    7.177e+03    -1.458e+03    8.445e+03    -2.242e+03
8.355e+00    -1.103e+02    1.317e+04    4.577e+03    -1.343e+03    4.628e+03    -1.358e+03
9.114e+00    -1.959e+02    1.317e+04    4.004e+03    -1.220e+03    3.216e+03    -6.191e+02
9.874e+00    -2.358e+02    1.347e+04    4.265e+03    -1.130e+03    2.608e+03    -4.087e+01
1.063e+01    -2.583e+02    1.369e+04    4.438e+03    -1.082e+03    2.329e+03    3.576e+02
1.139e+01    -2.358e+02    1.382e+04    4.126e+03    -1.028e+03    2.095e+03    6.371e+02
1.215e+01    -2.514e+02    1.434e+04    4.681e+03    -8.775e+02    2.215e+03    8.114e+02
1.291e+01    -2.306e+02    1.430e+04    4.958e+03    -9.436e+02    2.236e+03    8.925e+02
1.367e+01    -2.098e+02    1.430e+04    5.010e+03    -9.196e+02    2.293e+03    9.286e+02
1.443e+01    -1.522e+02    1.418e+04    1.619e+03    -8.865e+02    9.076e+02    2.467e+02
1.519e+01    -1.907e+02    1.425e+04    5.218e+03    -8.535e+02    2.455e+03    7.964e+02
105
7.595e-01    3.484e+00    4.958e+00    5.669e+02    7.242e-01    1.205e+02    2.476e+01
1.519e+00    3.155e+00    2.288e+01    1.734e+03    -2.416e-01    5.620e+02    8.835e+01
2.279e+00    9.222e+00    4.698e+01    4.473e+03    -2.254e+00    1.584e+03    9.857e+02
3.038e+00    -4.004e+00    -2.115e+01    6.033e+03    -2.681e+01    2.657e+03    7.753e+02
3.798e+00    3.848e+01    -2.618e+02    8.824e+03    -2.137e+01    4.027e+03    8.294e+02
4.557e+00    2.288e+02    -6.865e+02    1.475e+04    8.745e+00    6.431e+03    7.393e+02
5.317e+00    2.878e+02    4.161e+03    3.051e+04    -4.418e+02    1.533e+04    1.785e+02
6.076e+00    -1.089e+03    1.751e+04    1.598e+04    -1.448e+03    1.094e+04    -2.371e+03
6.836e+00    -1.021e+03    1.498e+04    6.258e+03    -1.121e+03    3.155e+03    -1.467e+03
7.595e+00    -8.806e+02    1.378e+04    4.629e+03    -9.526e+02    1.325e+03    -7.273e+01
8.355e+00    -8.165e+02    1.487e+04    4.265e+03    -9.556e+02    9.196e+02    1.052e+03
9.114e+00    -5.322e+02    1.643e+04    -1.803e+02    -1.049e+03    1.731e+02    1.157e+03
9.874e+00    -6.657e+02    1.711e+04    4.715e+03    -9.526e+02    1.755e+03    1.653e+03
1.063e+01    -5.305e+02    1.838e+04    4.698e+03    -9.887e+02    2.206e+03    1.283e+03
1.139e+01    -6.397e+02    1.591e+04    4.629e+03    -8.445e+02    2.071e+03    9.887e+02
1.215e+01    -5.894e+02    1.803e+04    5.183e+03    -8.324e+02    2.389e+03    1.473e+03
1.291e+01    -7.021e+02    1.890e+04    4.715e+03    -8.475e+02    2.155e+03    1.403e+03
1.367e+01    -2.462e+04    4.403e+04    -1.751e+05    -1.890e+03    -1.322e+05    -1.845e+04
1.443e+01    -9.916e+02    1.855e+04    4.681e+03    -8.144e+02    1.977e+03    9.767e+02
1.519e+01    -9.032e+02    1.855e+04    4.767e+03    -7.964e+02    1.869e+03    9.106e+02
120
7.595e-01    2.756e+00    4.334e+00    5.357e+02    6.912e-01    1.160e+02    2.485e+01
1.519e+00    5.305e+00    1.768e+01    1.751e+03    -4.959e-02    5.710e+02    8.114e+01
2.279e+00    3.502e+01    -9.899e-01    4.004e+03    -2.876e+00    1.617e+03    6.371e+02
3.038e+00    1.217e+02    -1.820e+02    6.535e+03    -4.297e+00    3.065e+03    5.499e+02
3.798e+00    3.484e+02    -6.570e+02    1.219e+04    1.989e+01    4.177e+03    4.748e+02
4.557e+00    -3.016e+02    1.605e+03    3.138e+04    -2.215e+02    8.685e+03    1.277e+03
5.317e+00    -3.623e+03    1.576e+04    1.642e+04    -8.775e+02    8.655e+03    -5.620e+02
6.076e+00    -2.184e+03    1.311e+04    2.306e+03    -7.423e+02    4.297e+02    8.835e+02
6.836e+00    -1.191e+03    1.368e+04    1.000e+03    -8.114e+02    3.396e+02    2.440e+03
7.595e+00    -1.016e+03    1.536e+04    2.947e+03    -8.895e+02    1.617e+03    2.218e+03
8.355e+00    -8.962e+02    1.624e+04    3.363e+03    -8.655e+02    2.173e+03    1.701e+03
9.114e+00    -1.021e+03    1.624e+04    3.068e+03    -7.723e+02    1.500e+03    2.113e+03
9.874e+00    -1.040e+03    1.683e+04    3.814e+03    -7.603e+02    1.818e+03    2.248e+03
1.063e+01    -1.052e+03    1.723e+04    3.276e+03    -6.972e+02    1.397e+03    2.239e+03
1.139e+01    -1.302e+03    1.716e+04    3.363e+03    -7.152e+02    1.244e+03    2.173e+03
1.215e+01    -1.260e+03    1.671e+04    4.299e+03    -6.942e+02    1.728e+03    2.176e+03
1.291e+01    -2.462e+03    1.734e+04    -3.796e+03    -7.363e+02    -6.191e+03    1.250e+03
1.367e+01    -2.150e+03    1.728e+04    1.503e+02    -6.401e+02    -1.635e+03    8.625e+02
1.443e+01    -2.600e+03    1.751e+04    1.257e+03    -6.581e+02    -1.764e+03    1.088e+03
1.519e+01    -2.011e+03    1.820e+04    3.259e+03    -6.641e+02    1.644e+02    1.764e+03
135
7.595e-01    1.855e+00    3.450e+00    4.941e+02    5.860e-01    1.097e+02    2.182e+01
1.519e+00    8.685e+00    1.196e+01    1.721e+03    7.242e-02    5.740e+02    6.070e+01
2.279e+00    7.836e+01    -3.224e+01    3.900e+03    -2.461e-01    1.767e+03    4.357e+02
3.038e+00    2.843e+02    -2.600e+02    7.333e+03    9.586e+00    3.216e+03    3.276e+02
3.798e+00    1.553e+02    -4.525e+02    1.718e+04    -2.696e+01    3.035e+03    5.109e+02
4.557e+00    -4.958e+03    9.569e+03    3.814e+04    -4.327e+02    1.238e+04    1.968e+03
5.317e+00    -3.224e+03    1.038e+04    1.298e+03    -5.049e+02    1.403e+02    1.133e+03
6.076e+00    -1.531e+03    1.077e+04    5.495e+02    -6.551e+02    5.319e+02    2.248e+03
6.836e+00    -1.220e+03    1.234e+04    1.803e+03    -7.212e+02    1.761e+03    1.824e+03
7.595e+00    -1.264e+03    1.297e+04    2.098e+03    -6.611e+02    1.488e+03    1.842e+03
8.355e+00    -1.283e+03    1.316e+04    2.219e+03    -6.161e+02    1.313e+03    2.284e+03
9.114e+00    -1.279e+03    1.392e+04    2.808e+03    -5.860e+02    1.581e+03    2.185e+03
9.874e+00    -1.366e+03    1.404e+04    6.778e+02    -5.800e+02    1.857e+02    2.044e+03
1.063e+01    -1.924e+03    1.435e+04    1.449e+02    -5.169e+02    -1.698e+03    2.966e+03
1.139e+01    -1.727e+03    1.390e+04    1.976e+03    -5.740e+02    -8.234e+01    9.917e+02
1.215e+01    -1.640e+03    1.456e+04    2.860e+03    -5.379e+02    6.010e+02    1.698e+03
1.291e+01    -2.011e+03    1.330e+04    2.167e+03    -5.229e+02    -1.896e+02    1.157e+03
1.367e+01    -2.340e+03    1.383e+04    1.855e+03    -4.928e+02    -7.152e+02    1.169e+03
1.443e+01    -3.398e+03    1.337e+04    3.155e+02    -5.199e+02    -2.602e+03    6.070e+02
1.519e+01    -3.571e+03    1.321e+04    1.049e+03    -5.860e+02    -2.461e+03    8.535e+02
150
7.595e-01    1.030e+00    2.392e+00    4.507e+02    4.267e-01    1.031e+02    1.611e+01
1.519e+00    1.248e+01    6.900e+00    1.669e+03    1.106e-01    5.710e+02    3.606e+01
2.279e+00    1.236e+02    -4.022e+01    3.814e+03    1.455e+00    1.887e+03    2.681e+02
3.038e+00    3.779e+02    -2.271e+02    8.234e+03    9.466e+00    3.065e+03    1.890e+02
3.798e+00    -7.870e+02    1.751e+02    2.375e+04    -8.535e+01    1.647e+03    7.603e+02
4.557e+00    -6.293e+03    7.922e+03    1.643e+04    -2.155e+02    6.040e+03    9.166e+02
5.317e+00    -2.462e+03    7.368e+03    -9.951e+02    -4.027e+02    -3.155e+02    1.536e+03
6.076e+00    -1.343e+03    8.113e+03    9.032e+02    -5.049e+02    1.424e+03    1.421e+03
6.836e+00    -1.269e+03    8.650e+03    -2.704e+03    -4.838e+02    -5.860e+02    8.294e+02
7.595e+00    -1.472e+03    9.153e+03    9.448e+02    -4.568e+02    9.496e+02    1.626e+03
8.355e+00    -1.290e+03    9.240e+03    1.855e+03    -3.937e+02    1.211e+03    1.785e+03
9.114e+00    -1.375e+03    9.188e+03    2.080e+03    -3.636e+02    8.895e+02    1.833e+03
9.874e+00    -1.609e+03    9.257e+03    8.044e+02    -3.456e+02    -5.680e+02    1.887e+03
1.063e+01    -1.550e+03    9.465e+03    2.531e+03    -3.756e+02    8.234e+02    1.515e+03
1.139e+01    -1.550e+03    9.725e+03    1.924e+03    -3.696e+02    -1.965e+01    1.394e+03
1.215e+01    -2.392e+03    9.118e+03    8.945e+02    -3.185e+02    -1.427e+03    1.331e+03
1.291e+01    -2.358e+03    9.292e+03    1.051e+03    -3.606e+02    -1.409e+03    1.145e+03
1.367e+01    -3.103e+03    9.014e+03    4.819e+02    -3.756e+02    -2.467e+03    9.526e+02
1.443e+01    -4.247e+03    8.997e+03    -5.911e+02    -4.448e+02    -4.057e+03    2.410e+02
1.519e+01    -5.599e+03    9.517e+03    -4.126e+03    -6.131e+02    -8.775e+03    -3.847e+03
165
7.595e-01    4.473e-01    1.229e+00    4.195e+02    2.278e-01    9.797e+01    8.505e+00
1.519e+00    1.548e+01    3.016e+00    1.621e+03    8.835e-02    5.710e+02    1.560e+01
2.279e+00    1.564e+02    -2.652e+01    3.762e+03    1.355e+00    1.962e+03    1.259e+02
3.038e+00    3.866e+02    -1.243e+02    8.980e+03    4.147e+00    2.825e+03    9.617e+01
3.798e+00    -1.976e+03    4.369e+02    2.947e+04    -6.882e+01    1.127e+03    6.311e+02
4.557e+00    -5.478e+03    3.762e+03    6.171e+03    -1.043e+02    1.905e+03    5.229e+02
5.317e+00    -3.068e+03    3.970e+03    -2.254e+04    -2.966e+02    -2.813e+02    1.025e+03
6.076e+00    -1.461e+03    4.334e+03    1.751e+02    -2.654e+02    1.235e+03    7.423e+02
6.836e+00    -1.446e+03    4.213e+03    4.923e+02    -2.119e+02    7.994e+02    8.445e+02
7.595e+00    -1.326e+03    4.663e+03    1.085e+03    -2.134e+02    1.013e+03    9.947e+02
8.355e+00    -1.376e+03    4.559e+03    1.314e+03    -1.914e+02    8.204e+02    1.061e+03
9.114e+00    -1.363e+03    4.802e+03    1.669e+03    -1.791e+02    9.466e+02    1.079e+03
9.874e+00    -1.480e+03    4.941e+03    1.924e+03    -1.944e+02    6.942e+02    7.663e+02
1.063e+01    -1.661e+03    4.785e+03    1.687e+03    -1.755e+02    2.738e+01    8.595e+02
1.139e+01    -1.872e+03    4.785e+03    1.073e+03    -1.800e+02    -7.603e+02    7.032e+02
1.215e+01    -2.548e+03    4.334e+03    -4.247e+02    -1.560e+02    -2.362e+03    4.237e+02
1.291e+01    -2.687e+03    4.473e+03    4.022e+02    -1.878e+02    -2.293e+03    5.710e+02
1.367e+01    -3.276e+03    4.317e+03    -2.167e+02    -2.212e+02    -3.576e+03    1.358e+01
1.443e+01    -2.115e+03    3.571e+03    1.571e+03    -1.869e+02    -2.509e+03    2.831e+02
1.519e+01    -5.582e+03    3.120e+03    1.820e+03    -2.236e+02    -2.729e+03    4.027e+01
180
7.595e-01    2.392e-01    -3.363e-04    4.074e+02    8.805e-03    9.617e+01    2.530e-03
1.519e+00    1.661e+01    -2.826e-03    1.600e+03    4.087e-02    5.710e+02    2.101e-02
2.279e+00    1.683e+02    -3.051e-02    3.744e+03    6.010e-02    1.983e+03    1.325e-02
3.038e+00    3.744e+02    2.878e-01    9.274e+03    2.287e-01    2.705e+03    5.199e-01
3.798e+00    -2.496e+03    5.443e+00    3.155e+04    2.077e+00    1.136e+03    6.100e+00
4.557e+00    -5.114e+03    2.964e+00    3.900e+03    8.655e-01    9.286e+02    2.618e+00
5.317e+00    -1.609e+03    1.267e+00    -6.362e+02    3.666e-01    3.486e+02    1.935e+00
6.076e+00    -1.510e+03    7.524e+00    8.165e+02    -4.237e-02    1.262e+03    -2.131e+00
6.836e+00    -1.408e+03    6.570e+00    4.195e+02    -1.770e-01    7.663e+02    -9.076e+00
7.595e+00    -1.333e+03    6.154e+00    1.127e+03    6.401e-01    8.595e+02    -3.276e+00
8.355e+00    -1.408e+03    1.505e+01    1.423e+03    -4.027e-02    7.453e+02    -5.469e+00
9.114e+00    -1.678e+03    1.477e+01    6.466e+02    -9.256e-01    1.767e+02    -1.028e+01
9.874e+00    -2.063e+03    1.175e+02    -1.482e+03    -7.423e+00    -3.035e+03    -1.668e+02
1.063e+01    -1.380e+03    4.681e+01    1.411e+02    -2.873e-01    -1.455e+03    -6.581e+01
1.139e+01    -2.704e+03    1.035e+02    -1.768e+03    -1.232e+01    -3.276e+03    -6.040e+02
1.215e+01    -2.150e+03    -9.621e+01    9.743e+02    3.185e+00    -1.331e+03    -5.620e+01
1.291e+01    -2.808e+03    -4.785e+01    5.530e+01    3.306e+00    -2.771e+03    1.397e+02
1.367e+01    -4.646e+03    4.056e+01    -2.930e+03    2.921e+01    -6.341e+03    6.221e+02
1.443e+01    -5.287e+03    1.526e+02    -6.553e+02    9.406e+00    -5.259e+03    -4.237e+02
1.519e+01    -7.142e+03    7.056e+02    7.454e+02    1.629e+01    -3.726e+03    2.338e+02
