13 20
0
7.595e-01    -1.200e-02    -9.153e-04    3.658e+02    2.786e-03    4.928e+01    -9.346e-04
1.519e+00    2.167e+00    -6.275e-04    1.194e+03    1.394e-02    2.092e+02    -5.740e-03
2.279e+00    2.375e+01    1.342e-02    2.479e+03    3.937e-02    6.100e+02    -6.040e-03
3.038e+00    8.200e+01    5.946e-02    3.623e+03    1.010e-01    1.578e+03    -9.917e-03
3.798e+00    1.300e+02    8.841e-02    4.247e+03    1.674e-01    3.306e+03    -8.084e-01
4.557e+00    1.118e+02    -2.479e-02    4.091e+03    4.388e-01    4.538e+03    1.319e+00
5.317e+00    9.968e+01    -4.195e-01    2.600e+03    1.037e+00    3.546e+03    7.843e-01
6.076e+00    1.356e+02    -6.137e-01    1.052e+03    1.842e-01    2.167e+03    7.182e-01
6.836e+00    1.768e+02    -9.170e-01    1.855e+03    1.046e-01    2.768e+03    1.133e+00
7.595e+00    2.202e+02    -1.281e+00    2.219e+03    9.917e-03    2.747e+03    1.524e+00
8.355e+00    2.670e+02    -1.716e+00    2.496e+03    -1.136e-01    2.864e+03    2.107e+00
9.114e+00    0.000e+00    0.000e+00    0.000e+00    0.000e+00    0.000e+00    0.000e+00
9.874e+00    0.000e+00    0.000e+00    0.000e+00    0.000e+00    0.000e+00    0.000e+00
1.063e+01    0.000e+00    0.000e+00    0.000e+00    0.000e+00    0.000e+00    0.000e+00
1.139e+01    0.000e+00    0.000e+00    0.000e+00    0.000e+00    0.000e+00    0.000e+00
1.215e+01    0.000e+00    0.000e+00    0.000e+00    0.000e+00    0.000e+00    0.000e+00
1.291e+01    0.000e+00    0.000e+00    0.000e+00    0.000e+00    0.000e+00    0.000e+00
1.367e+01    0.000e+00    0.000e+00    0.000e+00    0.000e+00    0.000e+00    0.000e+00
1.443e+01    0.000e+00    0.000e+00    0.000e+00    0.000e+00    0.000e+00    0.000e+00
1.519e+01    0.000e+00    0.000e+00    0.000e+00    0.000e+00    0.000e+00    0.000e+00
15
7.595e-01    1.470e-01    4.767e-01    3.710e+02    1.136e-02    5.139e+01    -1.713e+00
1.519e+00    2.115e+00    2.531e+00    1.186e+03    -3.726e-01    2.128e+02    -2.131e+01
2.279e+00    2.271e+01    9.517e+00    2.444e+03    -2.320e+00    6.100e+02    -1.184e+02
3.038e+00    7.957e+01    1.671e+01    3.779e+03    -2.542e+00    1.665e+03    -5.169e+02
3.798e+00    2.878e+02    2.618e+02    1.552e+05    -4.388e+02    7.393e+04    7.092e+03
4.557e+00    1.156e+02    1.059e+01    5.981e+03    -1.280e+02    5.409e+03    -1.301e+02
5.317e+00    9.760e+01    -3.727e+01    2.739e+03    -5.259e+01    3.756e+03    -6.491e+02
6.076e+00    1.302e+02    -2.236e+01    8.824e+03    -1.451e+02    6.070e+03    -1.079e+03
6.836e+00    1.751e+02    -3.762e+01    2.063e+03    5.199e+01    2.945e+03    -4.688e+02
7.595e+00    2.150e+02    -3.190e+01    2.184e+03    1.767e+01    2.849e+03    -2.257e+02
8.355e+00    2.583e+02    -5.027e+01    2.254e+03    3.937e+00    2.729e+03    -2.669e+02
9.114e+00    0.000e+00    0.000e+00    0.000e+00    0.000e+00    0.000e+00    0.000e+00
9.874e+00    0.000e+00    0.000e+00    0.000e+00    0.000e+00    0.000e+00    0.000e+00
1.063e+01    0.000e+00    0.000e+00    0.000e+00    0.000e+00    0.000e+00    0.000e+00
1.139e+01    0.000e+00    0.000e+00    0.000e+00    0.000e+00    0.000e+00    0.000e+00
1.215e+01    0.000e+00    0.000e+00    0.000e+00    0.000e+00    0.000e+00    0.000e+00
1.291e+01    0.000e+00    0.000e+00    0.000e+00    0.000e+00    0.000e+00    0.000e+00
1.367e+01    0.000e+00    0.000e+00    0.000e+00    0.000e+00    0.000e+00    0.000e+00
1.443e+01    0.000e+00    0.000e+00    0.000e+00    0.000e+00    0.000e+00    0.000e+00
1.519e+01    0.000e+00    0.000e+00    0.000e+00    0.000e+00    0.000e+00    0.000e+00
30
7.595e-01    5.738e-01    9.188e-01    3.848e+02    4.147e-02    5.650e+01    -2.089e+00
1.519e+00    1.924e+00    4.698e+00    1.168e+03    -6.551e-01    2.227e+02    -3.246e+01
2.279e+00    1.924e+01    1.768e+01    2.375e+03    -4.959e+00    6.251e+02    -2.031e+02
3.038e+00    6.830e+01    2.098e+01    6.518e+03    -1.379e+01    3.125e+03    -1.451e+03
3.798e+00    1.480e+02    1.042e+02    7.888e+03    -6.040e+01    4.418e+03    4.989e+02
4.557e+00    1.343e+02    2.687e+01    4.750e+03    -1.016e+02    4.568e+03    -6.792e+02
5.317e+00    9.951e+01    -6.986e+01    2.167e+03    -9.286e+01    3.756e+03    -1.241e+03
6.076e+00    1.300e+02    -6.119e+01    6.241e+02    1.406e+01    2.431e+03    -6.882e+02
6.836e+00    1.786e+02    -4.681e+01    7.281e+03    -1.920e+01    5.169e+03    6.191e+01
7.595e+00    2.704e+02    5.097e+01    8.148e+04    5.530e+02    4.207e+04    -5.469e+02
8.355e+00    2.323e+02    -6.119e+01    2.115e+03    2.077e+01    2.744e+03    -3.095e+02
9.114e+00    2.791e+02    -1.175e+02    2.150e+03    4.087e+00    2.669e+03    -4.568e+02
9.874e+00    3.016e+02    -8.477e+01    2.358e+03    4.267e+00    2.666e+03    -3.185e+02
1.063e+01    0.000e+00    0.000e+00    0.000e+00    0.000e+00    0.000e+00    0.000e+00
1.139e+01    0.000e+00    0.000e+00    0.000e+00    0.000e+00    0.000e+00    0.000e+00
1.215e+01    0.000e+00    0.000e+00    0.000e+00    0.000e+00    0.000e+00    0.000e+00
1.291e+01    0.000e+00    0.000e+00    0.000e+00    0.000e+00    0.000e+00    0.000e+00
1.367e+01    0.000e+00    0.000e+00    0.000e+00    0.000e+00    0.000e+00    0.000e+00
1.443e+01    0.000e+00    0.000e+00    0.000e+00    0.000e+00    0.000e+00    0.000e+00
1.519e+01    0.000e+00    0.000e+00    0.000e+00    0.000e+00    0.000e+00    0.000e+00
45
7.595e-01    1.141e+00    1.290e+00    4.056e+02    1.013e-01    6.341e+01    -4.568e-01
1.519e+00    1.631e+00    6.223e+00    1.163e+03    -7.693e-01    2.365e+02    -2.891e+01
2.279e+00    1.345e+01    2.306e+01    2.375e+03    -8.144e+00    6.702e+02    -2.494e+02
3.038e+00    1.442e+02    1.682e+02    3.744e+04    5.680e+01    1.587e+04    3.366e+03
3.798e+00    1.451e+02    1.538e+02    5.547e+03    -2.575e+01    2.786e+03    1.091e+02
4.557e+00    1.676e+02    1.146e+02    4.473e+03    -6.251e+01    3.696e+03    -6.641e+02
5.317e+00    1.233e+02    -2.912e+01    2.202e+03    -9.827e+01    3.546e+03    -1.352e+03
6.076e+00    1.104e+02    -1.170e+02    -3.138e+02    -8.535e+01    2.350e+03    -1.388e+03
6.836e+00    1.668e+02    -7.333e+01    -4.507e+02    -3.065e+00    1.998e+03    -7.453e+02
7.595e+00    2.063e+02    -8.581e+01    1.487e+03    6.611e+00    2.554e+03    -5.499e+02
8.355e+00    2.340e+02    -1.872e+02    1.727e+03    -3.636e+01    2.254e+03    -7.633e+02
9.114e+00    2.566e+02    -1.458e+02    1.023e+03    9.286e+00    1.851e+03    -5.349e+02
9.874e+00    2.774e+02    -1.493e+02    2.340e+03    -2.089e+01    2.389e+03    -5.199e+02
1.063e+01    2.878e+02    -1.144e+02    2.080e+03    1.136e+01    2.485e+03    -2.954e+02
1.139e+01    3.259e+02    -1.579e+02    2.184e+03    5.890e+00    2.383e+03    -3.606e+02
1.215e+01    3.294e+02    -1.236e+02    2.306e+03    5.169e+00    2.464e+03    -2.491e+02
1.291e+01    0.000e+00    0.000e+00    0.000e+00    0.000e+00    0.000e+00    0.000e+00
1.367e+01    0.000e+00    0.000e+00    0.000e+00    0.000e+00    0.000e+00    0.000e+00
1.443e+01    0.000e+00    0.000e+00    0.000e+00    0.000e+00    0.000e+00    0.000e+00
1.519e+01    0.000e+00    0.000e+00    0.000e+00    0.000e+00    0.000e+00    0.000e+00
60
7.595e-01    1.671e+00    1.558e+00    4.282e+02    1.872e-01    7.032e+01    2.903e+00
1.519e+00    1.283e+00    6.986e+00    1.184e+03    -7.092e-01    2.515e+02    -1.337e+01
2.279e+00    5.651e+00    2.375e+01    2.566e+03    -1.256e+01    7.994e+02    -3.065e+02
3.038e+00    5.495e+01    1.134e+02    5.634e+03    1.004e+01    1.662e+03    8.084e+02
3.798e+00    1.122e+02    2.202e+02    5.287e+03    -1.716e+01    2.025e+03    2.945e+02
4.557e+00    1.838e+02    3.016e+02    5.201e+03    -3.155e+01    2.879e+03    -8.114e+01
5.317e+00    2.184e+02    2.843e+02    4.022e+03    -4.478e+01    3.366e+03    -5.259e+02
6.076e+00    1.994e+02    2.930e+02    1.890e+03    -1.133e+02    2.945e+03    -8.775e+02
6.836e+00    1.803e+02    5.149e+02    -5.669e+01    -2.660e+02    2.191e+03    -9.677e+02
7.595e+00    1.959e+02    6.969e+02    -3.692e+02    -3.396e+02    2.407e+03    -9.136e+02
8.355e+00    2.080e+02    3.762e+02    5.721e+02    -1.617e+02    2.996e+03    -1.037e+03
9.114e+00    2.652e+02    -9.985e+01    9.552e+02    1.542e+01    2.251e+03    -1.133e+03
9.874e+00    3.311e+02    -1.108e+02    6.553e+02    -3.967e+01    1.566e+03    -7.964e+02
1.063e+01    3.120e+02    -5.062e+01    9.933e+02    -1.821e+01    1.950e+03    -6.070e+02
1.139e+01    3.190e+02    -1.560e+02    1.413e+03    1.905e+01    1.626e+03    -6.371e+02
1.215e+01    3.190e+02    -1.279e+02    1.260e+03    8.625e+00    1.575e+03    -4.087e+02
1.291e+01    3.207e+02    -1.182e+02    1.522e+03    2.389e+01    1.644e+03    -3.696e+02
1.367e+01    3.259e+02    -1.416e+02    1.548e+03    1.361e+01    1.623e+03    -2.696e+02
1.443e+01    3.294e+02    -1.089e+02    1.636e+03    1.731e+01    1.746e+03    -2.122e+02
1.519e+01    3.380e+02    -1.168e+02    1.716e+03    1.082e+01    1.848e+03    -1.635e+02
75
7.595e-01    2.028e+00    1.708e+00    4.455e+02    2.753e-01    7.543e+01    6.972e+00
1.519e+00    9.933e-01    6.969e+00    1.233e+03    -5.259e-01    2.648e+02    5.950e+00
2.279e+00    -2.548e+00    1.562e+01    3.519e+03    -2.197e+01    1.325e+03    -5.980e+02
3.038e+00    1.694e+01    9.482e+01    4.681e+03    2.374e-01    1.184e+03    7.032e+02
3.798e+00    3.398e+01    2.306e+02    5.703e+03    -2.362e+01    1.773e+03    6.792e+02
4.557e+00    8.304e+01    4.542e+02    6.518e+03    -4.418e+01    2.648e+03    7.453e+02
5.317e+00    1.924e+02    7.576e+02    6.986e+03    -5.169e+01    3.817e+03    7.663e+02
6.076e+00    3.623e+02    1.252e+03    7.177e+03    -6.792e+01    5.229e+03    5.950e+02
6.836e+00    6.223e+02    2.254e+03    6.900e+03    -1.545e+02    6.491e+03    -3.967e+00
7.595e+00    9.448e+02    3.640e+03    6.015e+03    -2.798e+02    6.401e+03    -8.625e+02
8.355e+00    1.255e+03    4.525e+03    6.015e+03    -3.246e+02    6.161e+03    -1.139e+03
9.114e+00    1.461e+03    5.097e+03    7.853e+03    -5.049e+02    8.535e+03    -1.148e+03
9.874e+00    1.153e+03    5.634e+03    7.870e+03    -8.264e+02    8.805e+03    -1.136e+03
1.063e+01    4.889e+02    5.703e+03    5.963e+03    -1.052e+03    6.221e+03    -7.994e+02
1.139e+01    1.479e+02    5.721e+03    4.750e+03    -1.163e+03    4.838e+03    -7.152e+02
1.215e+01    3.138e+02    5.825e+03    4.733e+03    -1.166e+03    5.199e+03    -1.013e+03
1.291e+01    5.842e+02    5.634e+03    4.715e+03    -1.079e+03    5.349e+03    -1.319e+03
1.367e+01    5.582e+02    4.975e+03    3.935e+03    -9.647e+02    4.418e+03    -1.448e+03
1.443e+01    4.126e+02    4.265e+03    3.155e+03    -8.745e+02    4.057e+03    -1.833e+03
1.519e+01    4.698e+02    3.640e+03    3.016e+03    -7.633e+02    4.718e+03    -2.290e+03
90
7.595e-01    2.115e+00    1.721e+00    4.542e+02    3.456e-01    7.723e+01    1.043e+01
1.519e+00    9.586e-01    6.189e+00    1.291e+03    -2.957e-01    2.735e+02    2.050e+01
2.279e+00    1.976e+02    -1.311e+02    2.687e+05    -2.699e+02    1.301e+05    -1.166e+04
3.038e+00    -5.651e+00    4.126e+01    4.802e+03    -1.938e+00    1.238e+03    7.242e+02
3.798e+00    -3.242e+01    8.876e+01    6.466e+03    -2.083e+01    2.080e+03    8.925e+02
4.557e+00    -5.201e+01    1.820e+02    8.217e+03    -3.937e+01    3.336e+03    1.103e+03
5.317e+00    -5.357e+01    6.102e+02    1.016e+04    -8.475e+01    5.439e+03    1.235e+03
6.076e+00    -1.078e+02    2.982e+03    1.174e+04    -3.546e+02    9.136e+03    6.221e+02
6.836e+00    -1.418e+02    9.309e+03    9.569e+03    -1.091e+03    1.010e+04    -1.211e+03
7.595e+00    -2.427e+02    1.265e+04    5.322e+03    -1.406e+03    6.040e+03    -1.464e+03
8.355e+00    -2.791e+02    1.298e+04    4.074e+03    -1.313e+03    3.756e+03    -9.707e+02
9.114e+00    -2.860e+02    1.312e+04    3.831e+03    -1.211e+03    2.819e+03    -4.087e+02
9.874e+00    -2.860e+02    1.347e+04    4.195e+03    -1.124e+03    2.410e+03    8.805e+01
1.063e+01    -2.895e+02    1.369e+04    4.403e+03    -1.079e+03    2.218e+03    4.418e+02
1.139e+01    -2.583e+02    1.382e+04    4.143e+03    -1.028e+03    2.035e+03    6.912e+02
1.215e+01    -2.635e+02    1.434e+04    4.681e+03    -8.775e+02    2.176e+03    8.445e+02
1.291e+01    -2.375e+02    1.428e+04    4.941e+03    -9.406e+02    2.215e+03    9.136e+02
1.367e+01    -2.132e+02    1.428e+04    5.010e+03    -9.196e+02    2.281e+03    9.406e+02
1.443e+01    -1.546e+02    1.416e+04    1.640e+03    -8.865e+02    9.136e+02    2.581e+02
1.519e+01    -1.924e+02    1.423e+04    5.218e+03    -8.535e+02    2.455e+03    7.994e+02
105
7.595e-01    1.924e+00    1.610e+00    4.490e+02    3.756e-01    7.543e+01    1.238e+01
1.519e+00    1.385e+00    4.854e+00    1.337e+03    -9.136e-02    2.765e+02    2.536e+01
2.279e+00    6.865e+00    1.040e+01    4.455e+03    1.965e+01    1.232e+03    1.142e+03
3.038e+00    1.272e+01    -4.299e+01    5.131e+03    3.246e+00    1.503e+03    6.491e+02
3.798e+00    4.646e+01    -1.959e+02    7.662e+03    6.431e+00    2.690e+03    6.882e+02
4.557e+00    1.460e+02    -4.369e+02    1.181e+04    1.794e+01    4.027e+03    5.860e+02
5.317e+00    5.634e+01    1.593e+03    2.011e+04    -2.031e+02    7.423e+03    5.229e+02
6.076e+00    -1.016e+03    1.364e+04    1.734e+04    -1.193e+03    9.677e+03    -5.499e+02
6.836e+00    -1.146e+03    1.458e+04    6.900e+03    -1.187e+03    3.396e+03    -1.253e+03
7.595e+00    -1.040e+03    1.404e+04    4.126e+03    -1.037e+03    8.925e+02    -2.350e+02
8.355e+00    -8.772e+02    1.394e+04    4.108e+03    -9.737e+02    2.792e+02    1.016e+03
9.114e+00    -7.402e+02    1.517e+04    3.467e+03    -9.556e+02    3.366e+02    1.977e+03
9.874e+00    4.490e+03    2.115e+04    -6.934e+04    -1.548e+03    -1.451e+04    -4.778e+03
1.063e+01    -6.917e+02    1.682e+04    4.213e+03    -1.010e+03    1.539e+03    1.364e+03
1.139e+01    -4.802e+02    1.680e+04    5.305e+03    -9.136e+02    2.404e+03    1.304e+03
1.215e+01    -5.235e+02    1.708e+04    5.270e+03    -8.835e+02    2.269e+03    1.370e+03
1.291e+01    -5.339e+02    1.751e+04    4.681e+03    -8.414e+02    1.926e+03    1.436e+03
1.367e+01    -7.298e+02    1.820e+04    3.987e+03    -8.895e+02    1.857e+03    1.521e+03
1.443e+01    -6.137e+02    1.751e+04    5.079e+03    -7.904e+02    2.158e+03    1.626e+03
1.519e+01    -6.241e+02    1.786e+04    5.339e+03    -8.144e+02    2.251e+03    1.491e+03
120
7.595e-01    1.532e+00    1.397e+00    4.317e+02    3.666e-01    7.002e+01    1.241e+01
1.519e+00    2.375e+00    3.259e+00    1.352e+03    3.576e-02    2.738e+02    2.113e+01
2.279e+00    1.786e+01    -1.113e+01    3.346e+03    1.064e+01    8.715e+02    6.311e+02
3.038e+00    8.148e+01    -1.226e+02    5.478e+03    1.091e+01    1.839e+03    4.688e+02
3.798e+00    2.236e+02    -3.952e+02    9.500e+03    2.110e+01    2.900e+03    3.366e+02
4.557e+00    -1.174e+02    6.015e+01    1.820e+04    -9.647e+01    2.669e+03    5.139e+02
5.317e+00    -2.895e+03    1.011e+04    2.358e+04    -6.281e+02    5.800e+03    2.007e+03
6.076e+00    -2.670e+03    1.252e+04    3.415e+03    -6.882e+02    -1.274e+02    1.106e+03
6.836e+00    -1.692e+03    1.335e+04    -3.120e+03    -9.436e+02    -5.710e+02    1.668e+03
7.595e+00    -9.500e+02    1.402e+04    2.548e+03    -9.286e+02    1.085e+03    2.296e+03
8.355e+00    -8.286e+02    1.517e+04    3.484e+03    -9.286e+02    1.935e+03    1.692e+03
9.114e+00    -8.702e+02    1.541e+04    3.571e+03    -8.595e+02    1.683e+03    1.866e+03
9.874e+00    7.957e+01    1.668e+04    -1.539e+04    -8.324e+02    -6.251e+03    3.546e+02
1.063e+01    -2.046e+03    1.855e+04    -4.351e+04    -9.586e+02    -2.479e+04    -1.220e+03
1.139e+01    -1.392e+03    1.751e+04    -1.137e+03    -6.882e+02    -3.787e+01    1.896e+03
1.215e+01    -1.208e+03    1.668e+04    3.120e+02    -6.191e+02    -2.410e+02    2.651e+03
1.291e+01    -1.158e+03    1.692e+04    4.056e+03    -6.942e+02    1.415e+03    2.025e+03
1.367e+01    -5.599e+03    1.994e+04    -2.063e+04    -7.573e+02    -1.845e+04    -2.074e+03
1.443e+01    -1.350e+03    1.630e+04    3.935e+03    -6.912e+02    1.139e+03    1.367e+03
1.519e+01    -1.349e+03    1.751e+04    3.883e+03    -6.912e+02    1.004e+03    1.977e+03
135
7.595e-01    1.030e+00    1.103e+00    4.056e+02    3.125e-01    6.311e+01    1.067e+01
1.519e+00    3.796e+00    1.786e+00    1.333e+03    7.543e-02    2.675e+02    1.232e+01
2.279e+00    3.848e+01    -2.288e+01    3.138e+03    8.294e+00    8.865e+02    4.027e+02
3.038e+00    1.723e+02    -1.562e+02    5.859e+03    1.406e+01    2.131e+03    2.822e+02
3.798e+00    1.550e+02    -3.086e+02    1.168e+04    -5.289e+00    2.260e+03    2.386e+02
4.557e+00    -2.098e+03    2.340e+03    2.531e+04    -2.789e+02    -1.409e+02    1.698e+03
5.317e+00    -4.022e+03    9.534e+03    6.154e+03    -3.306e+02    5.980e+01    1.974e+03
6.076e+00    -1.838e+03    1.007e+04    -3.242e+02    -6.491e+02    -5.499e+02    2.236e+03
6.836e+00    -1.082e+03    1.099e+04    1.503e+03    -7.753e+02    1.473e+03    1.698e+03
7.595e+00    -1.165e+03    1.191e+04    1.976e+03    -7.483e+02    1.259e+03    1.797e+03
8.355e+00    -1.078e+03    1.250e+04    1.855e+03    -6.792e+02    1.079e+03    2.281e+03
9.114e+00    -9.344e+02    1.265e+04    1.382e+03    -6.371e+02    1.025e+03    2.143e+03
9.874e+00    -1.205e+03    1.302e+04    2.722e+03    -5.950e+02    1.046e+03    2.155e+03
1.063e+01    -1.354e+03    1.335e+04    2.323e+03    -5.469e+02    7.663e+02    2.257e+03
1.139e+01    -1.383e+03    1.437e+04    1.872e+03    -6.070e+02    5.680e+02    1.665e+03
1.215e+01    -1.397e+03    1.428e+04    3.276e+03    -5.920e+02    1.031e+03    2.001e+03
1.291e+01    -2.236e+03    1.435e+04    -3.103e+03    -5.590e+02    -5.890e+03    3.366e+03
1.367e+01    -1.690e+03    1.416e+04    2.618e+03    -5.590e+02    2.431e+02    2.080e+03
1.443e+01    -2.444e+03    1.397e+04    1.597e+02    -5.049e+02    -2.828e+03    1.896e+03
1.519e+01    -1.942e+03    1.290e+04    2.254e+03    -5.319e+02    -4.027e+02    1.112e+03
150
7.595e-01    5.565e-01    7.610e-01    3.779e+02    2.266e-01    5.590e+01    7.693e+00
1.519e+00    5.322e+00    7.264e-01    1.293e+03    5.920e-02    2.599e+02    4.357e+00
2.279e+00    6.050e+01    -2.375e+01    3.034e+03    6.251e+00    9.346e+02    2.425e+02
3.038e+00    2.392e+02    -1.326e+02    6.275e+03    1.100e+01    2.308e+03    1.554e+02
3.798e+00    -2.808e+02    -7.194e+01    1.376e+04    -3.576e+01    1.082e+03    3.125e+02
4.557e+00    -4.403e+03    3.623e+03    2.548e+04    -1.950e+02    -8.174e+02    2.113e+03
5.317e+00    -2.930e+03    6.345e+03    -5.391e+02    -2.966e+02    -1.572e+03    1.707e+03
6.076e+00    -1.441e+03    7.333e+03    3.120e+02    -5.439e+02    8.895e+02    1.379e+03
6.836e+00    -1.324e+03    7.957e+03    1.012e+03    -5.349e+02    1.007e+03    1.331e+03
7.595e+00    -5.218e+02    8.546e+03    -4.958e+03    -5.019e+02    -7.002e+02    8.354e+02
8.355e+00    -1.227e+03    8.442e+03    1.626e+03    -4.388e+02    8.625e+02    1.821e+03
9.114e+00    -1.257e+03    9.153e+03    1.820e+03    -4.388e+02    9.196e+02    1.851e+03
9.874e+00    -1.328e+03    9.222e+03    2.063e+03    -3.967e+02    7.813e+02    1.902e+03
1.063e+01    -1.285e+03    9.309e+03    2.427e+03    -3.817e+02    7.573e+02    1.761e+03
1.139e+01    -1.401e+03    9.257e+03    2.115e+03    -3.636e+02    1.782e+02    1.731e+03
1.215e+01    -1.454e+03    9.378e+03    2.652e+03    -3.696e+02    6.912e+02    1.710e+03
1.291e+01    -1.621e+03    9.586e+03    2.375e+03    -3.666e+02    2.059e+02    1.797e+03
1.367e+01    -2.670e+03    9.760e+03    -1.364e+03    -3.546e+02    -4.177e+03    1.319e+03
1.443e+01    -2.098e+03    8.962e+03    1.295e+03    -3.366e+02    -1.223e+03    1.424e+03
1.519e+01    -2.514e+03    8.876e+03    1.056e+03    -3.125e+02    -1.827e+03    1.172e+03
165
7.595e-01    2.219e-01    3.883e-01    3.554e+02    1.199e-01    5.079e+01    3.997e+00
1.519e+00    6.483e+00    1.890e-01    1.255e+03    3.185e-02    2.542e+02    4.778e-01
2.279e+00    7.680e+01    -1.487e+01    2.947e+03    3.456e+00    9.737e+02    1.133e+02
3.038e+00    2.670e+02    -7.246e+01    6.622e+03    5.379e+00    2.380e+03    7.273e+01
3.798e+00    -7.784e+02    5.201e+01    1.531e+04    -3.246e+01    5.439e+01    2.560e+02
4.557e+00    -5.183e+03    2.358e+03    2.028e+04    -6.371e+01    -6.251e+02    1.217e+03
5.317e+00    -2.219e+03    3.276e+03    -1.319e+03    -1.995e+02    -1.046e+03    9.046e+02
6.076e+00    -1.345e+03    3.744e+03    5.669e+02    -2.852e+02    1.049e+03    6.371e+02
6.836e+00    -1.343e+03    4.108e+03    2.392e+02    -2.630e+02    6.040e+02    8.715e+02
7.595e+00    -1.208e+03    4.334e+03    7.402e+02    -2.398e+02    7.543e+02    1.016e+03
8.355e+00    -1.191e+03    4.421e+03    1.205e+03    -2.200e+02    8.114e+02    1.061e+03
9.114e+00    -1.241e+03    4.629e+03    1.461e+03    -2.101e+02    7.483e+02    1.007e+03
9.874e+00    -1.179e+03    4.698e+03    1.418e+03    -1.923e+02    4.327e+02    9.797e+02
1.063e+01    -1.248e+03    4.750e+03    1.546e+03    -1.827e+02    7.813e+01    9.016e+02
1.139e+01    -1.434e+03    4.854e+03    2.028e+03    -1.929e+02    3.997e+02    7.303e+02
1.215e+01    -2.011e+03    5.062e+03    -5.981e+02    -1.956e+02    -2.533e+03    4.538e+02
1.291e+01    -1.924e+03    4.854e+03    -1.231e+02    -1.794e+02    -2.335e+03    8.204e+02
1.367e+01    -2.219e+03    4.629e+03    -1.397e+02    -1.827e+02    -2.467e+03    3.696e+02
1.443e+01    -2.219e+03    4.750e+03    6.639e+02    -1.716e+02    -1.953e+03    7.753e+02
1.519e+01    -2.878e+03    4.611e+03    1.786e+02    -1.875e+02    -2.882e+03    6.641e+02
180
7.595e-01    1.014e-01    9.881e-04    3.484e+02    3.035e-03    4.898e+01    9.887e-04
1.519e+00    6.917e+00    2.306e-04    1.239e+03    1.370e-02    2.521e+02    7.212e-03
2.279e+00    8.286e+01    -5.287e-03    2.930e+03    3.065e-02    9.887e+02    5.710e-03
3.038e+00    2.722e+02    1.437e-01    6.743e+03    1.448e-01    2.395e+03    2.699e-01
3.798e+00    -9.881e+02    2.358e+00    1.590e+04    1.070e+00    -3.366e+02    2.843e+00
4.557e+00    -5.235e+03    6.154e+00    1.786e+04    2.230e+00    -6.371e+02    6.461e+00
5.317e+00    -2.028e+03    6.830e-01    -1.253e+03    4.388e-01    -7.573e+02    1.088e+00
6.076e+00    -1.506e+03    -1.695e+00    3.554e+02    3.877e-01    9.977e+02    -1.379e+00
6.836e+00    -1.428e+03    1.215e+01    2.028e+02    -9.316e-01    4.087e+02    -7.303e+00
7.595e+00    -1.205e+03    8.685e+00    7.229e+02    -4.478e-02    7.032e+02    -9.346e+00
8.355e+00    -1.250e+03    9.829e+00    1.080e+03    4.057e-01    5.860e+02    -5.950e+00
9.114e+00    -1.271e+03    7.610e+00    1.441e+03    4.297e-01    5.409e+02    -5.890e+00
9.874e+00    -1.300e+03    7.558e+00    1.532e+03    7.303e-01    5.590e+02    -1.154e+00
1.063e+01    -1.248e+03    1.723e+01    1.768e+03    1.160e+00    5.379e+02    -7.633e+00
1.139e+01    -1.281e+03    2.236e+02    -2.167e+02    -2.191e-01    -1.340e+03    -2.557e+02
1.215e+01    -2.271e+03    1.158e+02    -2.028e+03    4.989e+00    -3.185e+03    -1.542e+02
1.291e+01    -1.604e+03    -3.086e+01    7.038e+02    3.095e+00    -1.181e+03    -1.076e+02
1.367e+01    -2.028e+03    -5.703e+01    9.829e+02    3.095e+00    -1.397e+03    -8.895e+01
1.443e+01    -2.652e+03    -1.496e+02    -1.023e+02    1.058e+01    -2.783e+03    1.433e+02
1.519e+01    -2.774e+03    -1.099e+02    7.073e+01    1.316e+01    -3.065e+03    1.899e+02
