13 20
0
7.595e-01    -7.333e-02    -4.282e-04    3.900e+02    4.808e-03    6.611e+01    -5.830e-04
1.519e+00    2.219e+00    -2.826e-03    1.297e+03    2.374e-02    2.879e+02    -6.671e-03
2.279e+00    2.566e+01    7.732e-03    2.704e+03    6.040e-02    7.843e+02    -3.726e-03
3.038e+00    8.373e+01    4.004e-02    3.918e+03    1.319e-01    1.830e+03    6.611e-02
3.798e+00    1.267e+02    4.282e-02    4.507e+03    2.738e-01    3.606e+03    3.546e-01
4.557e+00    1.200e+02    -1.994e-01    4.421e+03    4.207e-01    4.959e+03    7.423e-01
5.317e+00    1.286e+02    -6.501e-01    3.120e+03    3.516e-01    4.117e+03    8.144e-01
6.076e+00    1.671e+02    -9.257e-01    1.539e+03    1.325e-01    2.527e+03    1.139e+00
6.836e+00    0.000e+00    0.000e+00    0.000e+00    0.000e+00    0.000e+00    0.000e+00
7.595e+00    0.000e+00    0.000e+00    0.000e+00    0.000e+00    0.000e+00    0.000e+00
8.355e+00    0.000e+00    0.000e+00    0.000e+00    0.000e+00    0.000e+00    0.000e+00
9.114e+00    0.000e+00    0.000e+00    0.000e+00    0.000e+00    0.000e+00    0.000e+00
9.874e+00    0.000e+00    0.000e+00    0.000e+00    0.000e+00    0.000e+00    0.000e+00
1.063e+01    0.000e+00    0.000e+00    0.000e+00    0.000e+00    0.000e+00    0.000e+00
1.139e+01    0.000e+00    0.000e+00    0.000e+00    0.000e+00    0.000e+00    0.000e+00
1.215e+01    0.000e+00    0.000e+00    0.000e+00    0.000e+00    0.000e+00    0.000e+00
1.291e+01    0.000e+00    0.000e+00    0.000e+00    0.000e+00    0.000e+00    0.000e+00
1.367e+01    0.000e+00    0.000e+00    0.000e+00    0.000e+00    0.000e+00    0.000e+00
1.443e+01    0.000e+00    0.000e+00    0.000e+00    0.000e+00    0.000e+00    0.000e+00
1.519e+01    0.000e+00    0.000e+00    0.000e+00    0.000e+00    0.000e+00    0.000e+00
15
7.595e-01    1.656e-01    8.546e-01    3.987e+02    3.726e-02    6.822e+01    -1.313e+00
1.519e+00    2.236e+00    4.698e+00    1.290e+03    -4.508e-01    2.933e+02    -2.575e+01
2.279e+00    2.479e+01    1.519e+01    2.652e+03    -3.125e+00    7.904e+02    -1.455e+02
3.038e+00    8.269e+01    2.722e+01    3.848e+03    -6.221e+00    1.827e+03    -4.628e+02
3.798e+00    1.304e+02    1.803e+01    4.473e+03    1.358e+00    3.576e+03    -9.226e+02
4.557e+00    1.271e+02    -1.255e+01    4.317e+03    3.666e+00    4.959e+03    -1.070e+03
5.317e+00    1.305e+02    -1.578e+01    2.999e+03    -1.803e+01    4.267e+03    -7.333e+02
6.076e+00    1.624e+02    3.432e+00    1.290e+03    -4.658e+00    2.575e+03    -3.576e+02
6.836e+00    2.080e+02    -4.299e+01    1.751e+03    1.184e+01    2.867e+03    -4.117e+02
7.595e+00    0.000e+00    0.000e+00    0.000e+00    0.000e+00    0.000e+00    0.000e+00
8.355e+00    0.000e+00    0.000e+00    0.000e+00    0.000e+00    0.000e+00    0.000e+00
9.114e+00    0.000e+00    0.000e+00    0.000e+00    0.000e+00    0.000e+00    0.000e+00
9.874e+00    0.000e+00    0.000e+00    0.000e+00    0.000e+00    0.000e+00    0.000e+00
1.063e+01    0.000e+00    0.000e+00    0.000e+00    0.000e+00    0.000e+00    0.000e+00
1.139e+01    0.000e+00    0.000e+00    0.000e+00    0.000e+00    0.000e+00    0.000e+00
1.215e+01    0.000e+00    0.000e+00    0.000e+00    0.000e+00    0.000e+00    0.000e+00
1.291e+01    0.000e+00    0.000e+00    0.000e+00    0.000e+00    0.000e+00    0.000e+00
1.367e+01    0.000e+00    0.000e+00    0.000e+00    0.000e+00    0.000e+00    0.000e+00
1.443e+01    0.000e+00    0.000e+00    0.000e+00    0.000e+00    0.000e+00    0.000e+00
1.519e+01    0.000e+00    0.000e+00    0.000e+00    0.000e+00    0.000e+00    0.000e+00
30
7.595e-01    8.061e-01    1.656e+00    4.195e+02    9.406e-02    7.333e+01    -1.106e+00
1.519e+00    2.236e+00    8.858e+00    1.278e+03    -7.843e-01    3.095e+02    -3.787e+01
2.279e+00    2.167e+01    2.860e+01    2.548e+03    -6.401e+00    8.114e+02    -2.371e+02
3.038e+00    7.697e+01    5.339e+01    3.848e+03    -1.629e+01    1.926e+03    -8.715e+02
3.798e+00    1.350e+02    2.427e+01    6.986e+03    1.259e+01    4.868e+03    -2.317e+03
4.557e+00    1.555e+02    -5.253e+01    9.500e+03    1.064e+02    7.423e+03    -2.966e+03
5.317e+00    1.460e+02    -7.610e+01    3.675e+03    1.833e+01    4.928e+03    -1.728e+03
6.076e+00    1.579e+02    -3.796e+01    7.576e+02    -3.726e+01    2.858e+03    -8.414e+02
6.836e+00    1.872e+02    -5.235e+01    5.097e+02    1.770e+01    2.344e+03    -6.762e+02
7.595e+00    2.392e+02    -7.212e+01    1.890e+03    2.028e+01    3.155e+03    -6.702e+02
8.355e+00    0.000e+00    0.000e+00    0.000e+00    0.000e+00    0.000e+00    0.000e+00
9.114e+00    0.000e+00    0.000e+00    0.000e+00    0.000e+00    0.000e+00    0.000e+00
9.874e+00    0.000e+00    0.000e+00    0.000e+00    0.000e+00    0.000e+00    0.000e+00
1.063e+01    0.000e+00    0.000e+00    0.000e+00    0.000e+00    0.000e+00    0.000e+00
1.139e+01    0.000e+00    0.000e+00    0.000e+00    0.000e+00    0.000e+00    0.000e+00
1.215e+01    0.000e+00    0.000e+00    0.000e+00    0.000e+00    0.000e+00    0.000e+00
1.291e+01    0.000e+00    0.000e+00    0.000e+00    0.000e+00    0.000e+00    0.000e+00
1.367e+01    0.000e+00    0.000e+00    0.000e+00    0.000e+00    0.000e+00    0.000e+00
1.443e+01    0.000e+00    0.000e+00    0.000e+00    0.000e+00    0.000e+00    0.000e+00
1.519e+01    0.000e+00    0.000e+00    0.000e+00    0.000e+00    0.000e+00    0.000e+00
45
7.595e-01    1.645e+00    2.340e+00    4.507e+02    1.842e-01    8.054e+01    1.376e+00
1.519e+00    2.150e+00    1.205e+01    1.281e+03    -9.046e-01    3.276e+02    -3.035e+01
2.279e+00    1.600e+01    3.883e+01    2.514e+03    -9.977e+00    8.655e+02    -2.608e+02
3.038e+00    5.166e+01    5.634e+01    7.645e+03    -5.049e+01    4.207e+03    -1.857e+03
3.798e+00    1.907e+02    2.427e+02    1.527e+04    -3.125e+01    7.122e+03    1.458e+03
4.557e+00    1.890e+02    1.520e+02    7.610e+03    -1.076e+02    5.469e+03    -1.611e+02
5.317e+00    1.441e+02    -3.502e+01    4.178e+03    -1.719e+02    5.019e+03    -1.142e+03
6.076e+00    1.422e+02    -1.609e+02    2.947e+02    -1.277e+02    3.125e+03    -1.485e+03
6.836e+00    2.236e+02    -8.650e+01    8.893e+03    1.316e+02    6.221e+03    -2.948e+02
7.595e+00    2.150e+02    -1.363e+02    1.361e+04    6.251e+01    9.136e+03    -1.686e+03
8.355e+00    2.704e+02    -1.508e+02    2.808e+03    4.838e+01    3.696e+03    -8.475e+02
9.114e+00    2.687e+02    -1.025e+02    1.872e+03    1.397e+01    2.717e+03    -4.478e+02
9.874e+00    0.000e+00    0.000e+00    0.000e+00    0.000e+00    0.000e+00    0.000e+00
1.063e+01    0.000e+00    0.000e+00    0.000e+00    0.000e+00    0.000e+00    0.000e+00
1.139e+01    0.000e+00    0.000e+00    0.000e+00    0.000e+00    0.000e+00    0.000e+00
1.215e+01    0.000e+00    0.000e+00    0.000e+00    0.000e+00    0.000e+00    0.000e+00
1.291e+01    0.000e+00    0.000e+00    0.000e+00    0.000e+00    0.000e+00    0.000e+00
1.367e+01    0.000e+00    0.000e+00    0.000e+00    0.000e+00    0.000e+00    0.000e+00
1.443e+01    0.000e+00    0.000e+00    0.000e+00    0.000e+00    0.000e+00    0.000e+00
1.519e+01    0.000e+00    0.000e+00    0.000e+00    0.000e+00    0.000e+00    0.000e+00
60
7.595e-01    2.427e+00    2.843e+00    4.802e+02    2.996e-01    8.775e+01    5.800e+00
1.519e+00    1.924e+00    1.399e+01    1.316e+03    -8.264e-01    3.516e+02    -6.942e+00
2.279e+00    7.402e+00    4.282e+01    2.687e+03    -1.436e+01    9.917e+02    -2.684e+02
3.038e+00    8.598e+01    1.872e+02    1.094e+04    2.948e+01    3.847e+03    1.629e+03
3.798e+00    1.326e+02    2.860e+02    5.859e+03    -2.801e+01    2.518e+03    3.516e+02
4.557e+00    1.976e+02    3.467e+02    5.235e+03    -4.989e+01    3.246e+03    -1.445e+02
5.317e+00    2.167e+02    2.444e+02    3.658e+03    -6.010e+01    3.576e+03    -6.311e+02
6.076e+00    1.890e+02    6.917e+01    1.291e+03    -9.346e+01    2.939e+03    -9.947e+02
6.836e+00    1.768e+02    -6.709e+00    -8.026e+02    -1.479e+02    1.806e+03    -1.100e+03
7.595e+00    2.167e+02    -5.547e+00    -1.051e+03    -1.235e+02    1.581e+03    -9.767e+02
8.355e+00    2.652e+02    -4.299e+01    6.223e+02    -1.554e+01    2.254e+03    -8.114e+02
9.114e+00    3.016e+02    -1.437e+02    1.709e+03    1.596e+01    2.152e+03    -7.152e+02
9.874e+00    3.259e+02    -2.410e+02    9.084e+02    1.151e+01    1.439e+03    -6.221e+02
1.063e+01    3.242e+02    -1.907e+02    8.217e+02    3.366e+01    1.560e+03    -4.538e+02
1.139e+01    3.328e+02    -1.718e+02    2.531e+03    -1.235e+01    2.299e+03    -4.357e+02
1.215e+01    3.346e+02    -1.104e+02    2.670e+04    -1.370e+01    1.563e+04    7.693e+01
1.291e+01    3.415e+02    -1.338e+02    1.713e+03    1.929e+01    1.950e+03    -2.479e+02
1.367e+01    3.606e+02    -1.423e+02    1.959e+03    1.007e+01    2.194e+03    -2.016e+02
1.443e+01    0.000e+00    0.000e+00    0.000e+00    0.000e+00    0.000e+00    0.000e+00
1.519e+01    0.000e+00    0.000e+00    0.000e+00    0.000e+00    0.000e+00    0.000e+00
75
7.595e-01    2.930e+00    3.138e+00    5.045e+02    4.117e-01    9.346e+01    1.100e+01
1.519e+00    1.666e+00    1.449e+01    1.378e+03    -6.161e-01    3.726e+02    2.143e+01
2.279e+00    -2.860e+00    3.432e+01    3.415e+03    -2.236e+01    1.427e+03    -4.718e+02
3.038e+00    1.942e+01    1.475e+02    5.183e+03    -9.436e+00    1.572e+03    8.234e+02
3.798e+00    3.051e+01    3.155e+02    5.911e+03    -4.778e+01    2.152e+03    7.182e+02
4.557e+00    7.229e+01    5.565e+02    6.310e+03    -7.813e+01    2.873e+03    7.543e+02
5.317e+00    1.820e+02    8.286e+02    6.310e+03    -8.324e+01    3.817e+03    7.723e+02
6.076e+00    3.380e+02    1.161e+03    6.033e+03    -7.573e+01    4.868e+03    6.251e+02
6.836e+00    5.166e+02    1.711e+03    5.409e+03    -1.082e+02    5.740e+03    1.548e+02
7.595e+00    7.333e+02    2.548e+03    4.455e+03    -2.164e+02    5.680e+03    -6.100e+02
8.355e+00    9.066e+02    3.190e+03    3.536e+03    -3.185e+02    3.997e+03    -1.175e+03
9.114e+00    9.812e+02    3.138e+03    3.554e+03    -3.456e+02    2.356e+03    -1.073e+03
9.874e+00    9.430e+02    2.791e+03    4.542e+03    -4.508e+02    3.366e+03    -8.204e+02
1.063e+01    6.119e+02    2.600e+03    4.247e+03    -6.972e+02    5.079e+03    -9.887e+02
1.139e+01    1.820e+02    2.288e+03    2.392e+03    -8.384e+02    5.139e+03    -1.298e+03
1.215e+01    2.202e+02    1.924e+03    1.786e+03    -7.663e+02    5.319e+03    -1.581e+03
1.291e+01    6.258e+02    1.838e+03    2.704e+03    -6.221e+02    6.311e+03    -1.875e+03
1.367e+01    7.212e+02    1.803e+03    2.635e+03    -5.079e+02    6.161e+03    -1.959e+03
1.443e+01    5.010e+02    1.307e+03    1.690e+03    -3.877e+02    4.778e+03    -1.743e+03
1.519e+01    5.339e+02    6.033e+02    2.184e+03    -2.729e+02    4.357e+03    -1.530e+03
90
7.595e-01    3.051e+00    3.172e+00    5.131e+02    5.019e-01    9.556e+01    1.551e+01
1.519e+00    1.636e+00    1.352e+01    1.449e+03    -3.546e-01    3.847e+02    4.327e+01
2.279e+00    1.907e+02    -1.994e+02    3.016e+05    -2.723e+02    1.470e+05    -1.289e+04
3.038e+00    -1.415e+01    7.836e+01    5.201e+03    -1.578e+01    1.671e+03    8.294e+02
3.798e+00    -6.397e+01    1.494e+02    6.743e+03    -4.778e+01    2.593e+03    1.004e+03
4.557e+00    -9.482e+01    2.548e+02    8.408e+03    -7.212e+01    3.907e+03    1.244e+03
5.317e+00    -8.928e+01    6.293e+02    1.045e+04    -1.145e+02    6.191e+03    1.376e+03
6.076e+00    -1.120e+02    2.583e+03    1.271e+04    -3.426e+02    1.028e+04    6.311e+02
6.836e+00    3.415e+01    8.789e+03    1.177e+04    -1.052e+03    1.235e+04    -1.620e+03
7.595e+00    -7.940e+01    1.279e+04    6.137e+03    -1.430e+03    7.182e+03    -1.848e+03
8.355e+00    -1.959e+02    1.307e+04    4.299e+03    -1.328e+03    4.177e+03    -1.163e+03
9.114e+00    -2.410e+02    1.314e+04    3.918e+03    -1.214e+03    3.005e+03    -5.139e+02
9.874e+00    -2.618e+02    1.347e+04    4.230e+03    -1.127e+03    2.506e+03    2.356e+01
1.063e+01    -2.739e+02    1.369e+04    4.421e+03    -1.079e+03    2.272e+03    3.997e+02
1.139e+01    -2.479e+02    1.382e+04    4.126e+03    -1.028e+03    2.065e+03    6.641e+02
1.215e+01    -2.583e+02    1.434e+04    4.681e+03    -8.775e+02    2.194e+03    8.294e+02
1.291e+01    -2.340e+02    1.428e+04    4.958e+03    -9.436e+02    2.227e+03    9.046e+02
1.367e+01    -2.115e+02    1.430e+04    5.010e+03    -9.196e+02    2.287e+03    9.346e+02
1.443e+01    -1.534e+02    1.418e+04    1.630e+03    -8.865e+02    9.106e+02    2.524e+02
1.519e+01    -1.907e+02    1.423e+04    5.218e+03    -8.535e+02    2.455e+03    7.994e+02
105
7.595e-01    2.774e+00    2.982e+00    5.045e+02    5.379e-01    9.376e+01    1.806e+01
1.519e+00    2.219e+00    1.132e+01    1.501e+03    -1.166e-01    3.907e+02    5.139e+01
2.279e+00    8.356e+00    2.288e+01    4.282e+03    1.079e+01    1.283e+03    1.082e+03
3.038e+00    8.598e+00    -3.935e+01    5.565e+03    -8.114e+00    2.041e+03    7.483e+02
3.798e+00    4.559e+01    -2.340e+02    8.252e+03    -5.439e+00    3.396e+03    7.874e+02
4.557e+00    1.855e+02    -5.634e+02    1.319e+04    1.488e+01    5.229e+03    6.912e+02
5.317e+00    1.571e+02    2.566e+03    2.479e+04    -2.957e+02    1.097e+04    4.418e+02
6.076e+00    -1.073e+03    1.604e+04    1.713e+04    -1.355e+03    1.085e+04    -1.554e+03
6.836e+00    -1.077e+03    1.484e+04    6.587e+03    -1.160e+03    3.276e+03    -1.439e+03
7.595e+00    -8.858e+02    1.378e+04    4.473e+03    -9.917e+02    9.046e+02    -1.268e+01
8.355e+00    -8.390e+02    1.442e+04    4.230e+03    -9.586e+02    5.890e+02    1.103e+03
9.114e+00    -7.714e+02    1.595e+04    4.213e+03    -9.677e+02    9.406e+02    1.722e+03
9.874e+00    -6.483e+02    1.654e+04    4.611e+03    -9.707e+02    1.602e+03    1.659e+03
1.063e+01    -5.495e+02    1.652e+04    4.993e+03    -9.707e+02    2.125e+03    1.545e+03
1.139e+01    -5.235e+02    1.734e+04    4.941e+03    -8.775e+02    2.248e+03    1.448e+03
1.215e+01    -4.282e+02    1.751e+04    4.351e+03    -8.324e+02    2.161e+03    1.373e+03
1.291e+01    -1.586e+03    1.907e+04    -5.773e+03    -1.070e+03    -4.688e+03    1.184e+02
1.367e+01    -6.778e+02    1.786e+04    5.149e+03    -8.174e+02    2.239e+03    1.430e+03
1.443e+01    -6.830e+02    1.855e+04    5.027e+03    -7.934e+02    2.007e+03    1.515e+03
1.519e+01    -7.749e+02    1.855e+04    4.958e+03    -7.753e+02    2.028e+03    1.388e+03
120
7.595e-01    2.184e+00    2.583e+00    4.802e+02    5.199e-01    8.895e+01    1.815e+01
1.519e+00    3.658e+00    8.356e+00    1.517e+03    4.658e-02    3.907e+02    4.568e+01
2.279e+00    2.600e+01    -9.153e+00    3.606e+03    5.439e+00    1.160e+03    6.461e+02
3.038e+00    1.042e+02    -1.558e+02    6.015e+03    5.139e+00    2.455e+03    5.349e+02
3.798e+00    2.860e+02    -5.218e+02    1.077e+04    2.092e+01    3.516e+03    4.057e+02
4.557e+00    -1.768e+02    5.045e+02    2.340e+04    -1.436e+02    4.688e+03    8.775e+02
5.317e+00    -3.502e+03    1.387e+04    2.115e+04    -7.753e+02    8.535e+03    7.333e+02
6.076e+00    -2.392e+03    1.285e+04    2.652e+03    -7.363e+02    1.488e+02    8.745e+02
6.836e+00    -1.354e+03    1.288e+04    1.633e+03    -7.994e+02    2.942e+00    2.296e+03
7.595e+00    -9.899e+02    1.477e+04    2.791e+03    -9.136e+02    1.379e+03    2.296e+03
8.355e+00    -8.425e+02    1.569e+04    3.363e+03    -8.925e+02    2.059e+03    1.719e+03
9.114e+00    -9.777e+02    1.614e+04    3.484e+03    -8.114e+02    1.758e+03    2.053e+03
9.874e+00    -1.054e+03    1.630e+04    3.276e+03    -7.603e+02    1.277e+03    2.266e+03
1.063e+01    -1.025e+03    1.683e+04    3.831e+03    -7.753e+02    1.707e+03    2.053e+03
1.139e+01    -1.135e+03    1.768e+04    3.623e+03    -7.693e+02    1.722e+03    1.938e+03
1.215e+01    -1.427e+03    1.730e+04    3.242e+03    -6.972e+02    1.073e+03    2.062e+03
1.291e+01    -1.392e+03    1.694e+04    1.316e+03    -6.401e+02    -7.573e+02    2.140e+03
1.367e+01    -1.486e+03    1.734e+04    3.692e+03    -7.182e+02    1.235e+03    1.433e+03
1.443e+01    -1.487e+03    1.725e+04    3.987e+03    -7.002e+02    1.127e+03    1.875e+03
1.519e+01    -1.803e+03    1.628e+04    1.942e+03    -6.461e+02    -1.031e+03    1.121e+03
135
7.595e-01    1.470e+00    2.046e+00    4.438e+02    4.418e-01    8.174e+01    1.584e+01
1.519e+00    5.842e+00    5.339e+00    1.493e+03    1.145e-01    3.877e+02    3.185e+01
2.279e+00    5.669e+01    -2.860e+01    3.467e+03    5.109e+00    1.250e+03    4.297e+02
3.038e+00    2.288e+02    -2.080e+02    6.570e+03    1.247e+01    2.714e+03    3.155e+02
3.798e+00    1.545e+02    -3.900e+02    1.401e+04    -1.464e+01    2.422e+03    3.426e+02
4.557e+00    -3.328e+03    5.149e+03    3.380e+04    -3.366e+02    4.898e+03    2.407e+03
5.317e+00    -3.710e+03    1.025e+04    2.739e+03    -4.297e+02    5.499e+01    1.343e+03
6.076e+00    -1.786e+03    1.066e+04    -4.473e+01    -6.551e+02    -6.912e+01    2.260e+03
6.836e+00    -1.139e+03    1.184e+04    1.721e+03    -7.603e+02    1.635e+03    1.758e+03
7.595e+00    -1.194e+03    1.255e+04    1.907e+03    -7.002e+02    1.415e+03    1.881e+03
8.355e+00    -1.213e+03    1.283e+04    2.098e+03    -6.251e+02    1.208e+03    2.386e+03
9.114e+00    -1.347e+03    1.343e+04    -2.496e+02    -6.040e+02    -4.538e+02    1.455e+03
9.874e+00    -1.186e+03    1.278e+04    2.860e+03    -5.650e+02    1.235e+03    2.338e+03
1.063e+01    -1.347e+03    1.349e+04    3.172e+03    -5.620e+02    1.250e+03    2.167e+03
1.139e+01    -2.288e+03    1.465e+04    -1.146e+02    -5.319e+02    -1.746e+03    1.716e+03
1.215e+01    -1.786e+03    1.479e+04    1.768e+03    -5.680e+02    -5.439e+02    2.452e+03
1.291e+01    -1.959e+03    1.439e+04    1.446e+03    -5.109e+02    -5.620e+02    1.683e+03
1.367e+01    -1.994e+03    1.343e+04    2.167e+03    -5.289e+02    -3.095e+02    1.394e+03
1.443e+01    -2.115e+03    1.385e+04    2.410e+03    -5.139e+02    -3.636e+02    1.689e+03
1.519e+01    -3.016e+03    1.323e+04    3.831e+02    -5.319e+02    -2.368e+03    1.235e+03
150
7.595e-01    8.009e-01    1.411e+00    4.074e+02    3.216e-01    7.453e+01    1.160e+01
1.519e+00    8.234e+00    2.843e+00    1.446e+03    1.058e-01    3.817e+02    1.722e+01
2.279e+00    8.928e+01    -3.207e+01    3.380e+03    4.508e+00    1.343e+03    2.618e+02
3.038e+00    3.120e+02    -1.786e+02    7.212e+03    1.043e+01    2.750e+03    1.710e+02
3.798e+00    -5.045e+02    -1.125e+01    1.751e+04    -5.890e+01    6.882e+02    4.688e+02
4.557e+00    -5.877e+03    6.241e+03    2.462e+04    -1.599e+02    4.508e+03    1.908e+03
5.317e+00    -2.600e+03    6.830e+03    -1.047e+03    -3.696e+02    -1.001e+03    1.584e+03
6.076e+00    -1.330e+03    7.610e+03    6.726e+02    -5.199e+02    1.232e+03    1.406e+03
6.836e+00    -1.347e+03    8.408e+03    9.066e+02    -5.049e+02    1.169e+03    1.412e+03
7.595e+00    -1.288e+03    8.841e+03    1.123e+03    -4.508e+02    9.256e+02    1.869e+03
8.355e+00    -1.217e+03    8.737e+03    1.555e+03    -3.937e+02    9.917e+02    1.998e+03
9.114e+00    -1.331e+03    9.638e+03    2.011e+03    -4.087e+02    9.707e+02    1.776e+03
9.874e+00    -1.399e+03    9.638e+03    1.583e+03    -4.027e+02    6.792e+02    1.740e+03
1.063e+01    -1.643e+03    9.725e+03    1.591e+03    -4.147e+02    2.515e+02    1.331e+03
1.139e+01    -1.555e+03    9.760e+03    2.202e+03    -3.486e+02    4.027e+02    1.899e+03
1.215e+01    -1.569e+03    9.864e+03    2.167e+03    -3.726e+02    5.379e+01    1.716e+03
1.291e+01    -2.479e+03    9.673e+03    2.063e+02    -3.276e+02    -2.233e+03    1.226e+03
1.367e+01    -2.462e+03    9.257e+03    5.218e+02    -3.276e+02    -1.932e+03    9.617e+02
1.443e+01    -3.016e+03    9.205e+03    3.970e+02    -3.817e+02    -2.584e+03    1.082e+03
1.519e+01    -3.259e+03    9.118e+03    3.276e+02    -3.937e+02    -3.246e+03    1.046e+03
165
7.595e-01    3.311e-01    7.212e-01    3.814e+02    1.707e-01    6.942e+01    6.100e+00
1.519e+00    1.009e+01    1.151e+00    1.401e+03    6.611e-02    3.756e+02    6.551e+00
2.279e+00    1.134e+02    -2.063e+01    3.328e+03    2.684e+00    1.406e+03    1.229e+02
3.038e+00    3.346e+02    -9.673e+01    7.732e+03    4.838e+00    2.672e+03    8.114e+01
3.798e+00    -1.267e+03    1.666e+02    2.046e+04    -5.139e+01    -6.792e+02    3.877e+02
4.557e+00    -5.894e+03    3.380e+03    1.363e+04    -5.650e+01    2.221e+03    9.046e+02
5.317e+00    -2.063e+03    3.571e+03    -1.089e+03    -2.245e+02    -3.726e+02    8.685e+02
6.076e+00    -1.453e+03    3.987e+03    7.333e+02    -2.708e+02    1.274e+03    6.732e+02
6.836e+00    -1.423e+03    4.282e+03    4.785e+02    -2.386e+02    6.702e+02    8.655e+02
7.595e+00    -1.345e+03    4.247e+03    7.784e+02    -2.257e+02    8.384e+02    1.031e+03
8.355e+00    -1.309e+03    4.594e+03    1.264e+03    -2.122e+02    8.805e+02    9.947e+02
9.114e+00    -1.368e+03    4.819e+03    1.671e+03    -2.035e+02    7.363e+02    1.001e+03
9.874e+00    -1.389e+03    4.785e+03    1.838e+03    -1.905e+02    5.620e+02    9.286e+02
1.063e+01    -1.340e+03    4.785e+03    2.115e+03    -1.932e+02    7.242e+02    9.346e+02
1.139e+01    -1.541e+03    4.715e+03    1.838e+03    -1.917e+02    1.524e+02    6.732e+02
1.215e+01    -1.751e+03    4.941e+03    1.295e+03    -1.821e+02    -8.324e+02    8.414e+02
1.291e+01    -2.028e+03    4.750e+03    1.007e+03    -1.878e+02    -1.160e+03    4.778e+02
1.367e+01    -2.756e+03    4.663e+03    -2.652e+02    -1.821e+02    -2.858e+03    4.868e+02
1.443e+01    -3.259e+03    4.299e+03    -4.004e+02    -1.683e+02    -3.726e+03    7.152e+02
1.519e+01    -6.033e+03    3.640e+03    -5.426e+03    -1.608e+02    -9.707e+03    5.890e+02
180
7.595e-01    1.610e-01    6.067e-04    3.710e+02    5.289e-03    6.732e+01    1.734e-03
1.519e+00    1.080e+01    -1.768e-04    1.383e+03    2.416e-02    3.756e+02    1.136e-02
2.279e+00    1.222e+02    -2.011e-02    3.294e+03    4.418e-02    1.430e+03    8.745e-03
3.038e+00    3.311e+02    2.028e-01    7.922e+03    1.818e-01    2.621e+03    3.756e-01
3.798e+00    -1.597e+03    3.588e+00    2.167e+04    1.476e+00    -1.154e+03    4.237e+00
4.557e+00    -5.669e+03    4.507e+00    1.035e+04    1.470e+00    1.361e+03    4.538e+00
5.317e+00    -1.924e+03    1.470e-01    -9.361e+02    4.808e-01    -1.028e+02    -4.267e-02
6.076e+00    -1.394e+03    8.876e+00    3.814e+02    -3.726e-02    1.151e+03    -1.680e+00
6.836e+00    -1.446e+03    6.743e+00    3.450e+02    3.246e-01    6.131e+02    -1.397e+00
7.595e+00    -1.271e+03    4.993e+00    2.583e+02    7.904e-01    4.327e+02    -9.496e+00
8.355e+00    -1.326e+03    8.338e+00    1.298e+03    3.516e-01    6.551e+02    -6.762e+00
9.114e+00    -3.346e+03    1.872e+03    -1.040e+04    -9.556e+01    -8.685e+03    -1.403e+03
9.874e+00    -1.363e+03    1.803e+01    1.709e+03    -7.453e-02    5.980e+02    -1.040e+01
1.063e+01    -1.477e+03    2.444e+01    1.803e+03    -9.887e-01    3.216e+02    -2.539e+01
1.139e+01    -1.512e+03    3.554e+01    1.477e+03    -1.857e+00    -1.256e+02    -4.598e+01
1.215e+01    -2.046e+03    2.479e+01    4.022e+02    -1.509e+00    -1.617e+03    -2.705e+02
1.291e+01    -2.514e+03    -9.899e+01    -7.732e+02    9.406e-01    -2.858e+03    -1.058e+02
1.367e+01    -2.756e+03    -6.223e+01    2.028e+02    8.985e+00    -2.596e+03    4.177e+01
1.443e+01    -3.242e+03    -6.934e+01    -5.235e+02    8.835e+00    -3.937e+03    2.987e+01
1.519e+01    -3.935e+03    5.114e+01    -3.640e+03    2.593e+01    -7.994e+03    -1.235e+02
