13 20
0
7.595e-01    -8.217e-01    -2.843e-03    5.478e+02    2.053e-02    1.926e+02    -3.666e-05
1.519e+00    -3.120e-01    -1.397e-02    1.994e+03    9.767e-02    8.715e+02    -3.516e-03
2.279e+00    2.046e+01    -2.514e-02    4.230e+03    2.146e-01    1.986e+03    3.005e-02
3.038e+00    4.403e+01    -2.462e-02    6.327e+03    3.306e-01    3.216e+03    2.801e-01
3.798e+00    5.097e+01    5.357e-02    7.870e+03    4.808e-01    4.508e+03    1.145e+00
4.557e+00    0.000e+00    0.000e+00    0.000e+00    0.000e+00    0.000e+00    0.000e+00
5.317e+00    0.000e+00    0.000e+00    0.000e+00    0.000e+00    0.000e+00    0.000e+00
6.076e+00    0.000e+00    0.000e+00    0.000e+00    0.000e+00    0.000e+00    0.000e+00
6.836e+00    0.000e+00    0.000e+00    0.000e+00    0.000e+00    0.000e+00    0.000e+00
7.595e+00    0.000e+00    0.000e+00    0.000e+00    0.000e+00    0.000e+00    0.000e+00
8.355e+00    0.000e+00    0.000e+00    0.000e+00    0.000e+00    0.000e+00    0.000e+00
9.114e+00    0.000e+00    0.000e+00    0.000e+00    0.000e+00    0.000e+00    0.000e+00
9.874e+00    0.000e+00    0.000e+00    0.000e+00    0.000e+00    0.000e+00    0.000e+00
1.063e+01    0.000e+00    0.000e+00    0.000e+00    0.000e+00    0.000e+00    0.000e+00
1.139e+01    0.000e+00    0.000e+00    0.000e+00    0.000e+00    0.000e+00    0.000e+00
1.215e+01    0.000e+00    0.000e+00    0.000e+00    0.000e+00    0.000e+00    0.000e+00
1.291e+01    0.000e+00    0.000e+00    0.000e+00    0.000e+00    0.000e+00    0.000e+00
1.367e+01    0.000e+00    0.000e+00    0.000e+00    0.000e+00    0.000e+00    0.000e+00
1.443e+01    0.000e+00    0.000e+00    0.000e+00    0.000e+00    0.000e+00    0.000e+00
1.519e+01    0.000e+00    0.000e+00    0.000e+00    0.000e+00    0.000e+00    0.000e+00
15
7.595e-01    -3.900e-01    3.415e+00    5.634e+02    1.815e-01    1.941e+02    1.734e+00
1.519e+00    2.028e-01    2.184e+01    2.011e+03    -2.666e-01    8.865e+02    -2.786e+01
2.279e+00    2.167e+01    6.414e+01    4.178e+03    -4.868e+00    2.035e+03    -2.416e+02
3.038e+00    4.854e+01    1.002e+02    6.033e+03    -1.277e+01    3.336e+03    -8.505e+02
3.798e+00    4.421e+01    9.795e+01    6.934e+03    -2.320e+01    4.538e+03    -1.968e+03
4.557e+00    0.000e+00    0.000e+00    0.000e+00    0.000e+00    0.000e+00    0.000e+00
5.317e+00    0.000e+00    0.000e+00    0.000e+00    0.000e+00    0.000e+00    0.000e+00
6.076e+00    0.000e+00    0.000e+00    0.000e+00    0.000e+00    0.000e+00    0.000e+00
6.836e+00    0.000e+00    0.000e+00    0.000e+00    0.000e+00    0.000e+00    0.000e+00
7.595e+00    0.000e+00    0.000e+00    0.000e+00    0.000e+00    0.000e+00    0.000e+00
8.355e+00    0.000e+00    0.000e+00    0.000e+00    0.000e+00    0.000e+00    0.000e+00
9.114e+00    0.000e+00    0.000e+00    0.000e+00    0.000e+00    0.000e+00    0.000e+00
9.874e+00    0.000e+00    0.000e+00    0.000e+00    0.000e+00    0.000e+00    0.000e+00
1.063e+01    0.000e+00    0.000e+00    0.000e+00    0.000e+00    0.000e+00    0.000e+00
1.139e+01    0.000e+00    0.000e+00    0.000e+00    0.000e+00    0.000e+00    0.000e+00
1.215e+01    0.000e+00    0.000e+00    0.000e+00    0.000e+00    0.000e+00    0.000e+00
1.291e+01    0.000e+00    0.000e+00    0.000e+00    0.000e+00    0.000e+00    0.000e+00
1.367e+01    0.000e+00    0.000e+00    0.000e+00    0.000e+00    0.000e+00    0.000e+00
1.443e+01    0.000e+00    0.000e+00    0.000e+00    0.000e+00    0.000e+00    0.000e+00
1.519e+01    0.000e+00    0.000e+00    0.000e+00    0.000e+00    0.000e+00    0.000e+00
30
7.595e-01    7.593e-01    6.605e+00    6.033e+02    3.696e-01    1.986e+02    5.409e+00
1.519e+00    1.430e+00    4.299e+01    2.046e+03    -4.989e-01    9.256e+02    -3.125e+01
2.279e+00    2.410e+01    1.297e+02    4.091e+03    -1.025e+01    2.164e+03    -3.426e+02
3.038e+00    6.483e+01    2.132e+02    5.495e+03    -2.738e+01    3.606e+03    -1.238e+03
3.798e+00    5.738e+01    2.098e+02    5.305e+03    -3.756e+01    4.868e+03    -2.741e+03
4.557e+00    3.155e+01    1.838e+02    3.467e+03    -4.748e+01    5.830e+03    -4.327e+03
5.317e+00    0.000e+00    0.000e+00    0.000e+00    0.000e+00    0.000e+00    0.000e+00
6.076e+00    0.000e+00    0.000e+00    0.000e+00    0.000e+00    0.000e+00    0.000e+00
6.836e+00    0.000e+00    0.000e+00    0.000e+00    0.000e+00    0.000e+00    0.000e+00
7.595e+00    0.000e+00    0.000e+00    0.000e+00    0.000e+00    0.000e+00    0.000e+00
8.355e+00    0.000e+00    0.000e+00    0.000e+00    0.000e+00    0.000e+00    0.000e+00
9.114e+00    0.000e+00    0.000e+00    0.000e+00    0.000e+00    0.000e+00    0.000e+00
9.874e+00    0.000e+00    0.000e+00    0.000e+00    0.000e+00    0.000e+00    0.000e+00
1.063e+01    0.000e+00    0.000e+00    0.000e+00    0.000e+00    0.000e+00    0.000e+00
1.139e+01    0.000e+00    0.000e+00    0.000e+00    0.000e+00    0.000e+00    0.000e+00
1.215e+01    0.000e+00    0.000e+00    0.000e+00    0.000e+00    0.000e+00    0.000e+00
1.291e+01    0.000e+00    0.000e+00    0.000e+00    0.000e+00    0.000e+00    0.000e+00
1.367e+01    0.000e+00    0.000e+00    0.000e+00    0.000e+00    0.000e+00    0.000e+00
1.443e+01    0.000e+00    0.000e+00    0.000e+00    0.000e+00    0.000e+00    0.000e+00
1.519e+01    0.000e+00    0.000e+00    0.000e+00    0.000e+00    0.000e+00    0.000e+00
45
7.595e-01    2.254e+00    9.378e+00    6.553e+02    5.920e-01    2.059e+02    1.193e+01
1.519e+00    2.600e+00    6.258e+01    2.132e+03    -6.521e-01    9.887e+02    9.196e-01
2.279e+00    2.358e+01    1.924e+02    4.126e+03    -1.689e+01    2.353e+03    -2.512e+02
3.038e+00    8.200e+01    3.432e+02    5.391e+03    -5.109e+01    4.027e+03    -1.037e+03
3.798e+00    1.264e+02    3.779e+02    4.923e+03    -7.723e+01    5.590e+03    -2.479e+03
4.557e+00    9.951e+01    2.375e+02    2.704e+03    -7.062e+01    6.371e+03    -3.907e+03
5.317e+00    7.402e+01    1.593e+02    -5.721e+01    -4.478e+01    6.100e+03    -3.847e+03
6.076e+00    0.000e+00    0.000e+00    0.000e+00    0.000e+00    0.000e+00    0.000e+00
6.836e+00    0.000e+00    0.000e+00    0.000e+00    0.000e+00    0.000e+00    0.000e+00
7.595e+00    0.000e+00    0.000e+00    0.000e+00    0.000e+00    0.000e+00    0.000e+00
8.355e+00    0.000e+00    0.000e+00    0.000e+00    0.000e+00    0.000e+00    0.000e+00
9.114e+00    0.000e+00    0.000e+00    0.000e+00    0.000e+00    0.000e+00    0.000e+00
9.874e+00    0.000e+00    0.000e+00    0.000e+00    0.000e+00    0.000e+00    0.000e+00
1.063e+01    0.000e+00    0.000e+00    0.000e+00    0.000e+00    0.000e+00    0.000e+00
1.139e+01    0.000e+00    0.000e+00    0.000e+00    0.000e+00    0.000e+00    0.000e+00
1.215e+01    0.000e+00    0.000e+00    0.000e+00    0.000e+00    0.000e+00    0.000e+00
1.291e+01    0.000e+00    0.000e+00    0.000e+00    0.000e+00    0.000e+00    0.000e+00
1.367e+01    0.000e+00    0.000e+00    0.000e+00    0.000e+00    0.000e+00    0.000e+00
1.443e+01    0.000e+00    0.000e+00    0.000e+00    0.000e+00    0.000e+00    0.000e+00
1.519e+01    0.000e+00    0.000e+00    0.000e+00    0.000e+00    0.000e+00    0.000e+00
60
7.595e-01    3.640e+00    1.146e+01    7.073e+02    8.264e-01    2.140e+02    2.077e+01
1.519e+00    2.982e+00    7.836e+01    2.254e+03    -8.895e-01    1.061e+03    6.161e+01
2.279e+00    1.383e+01    2.375e+02    4.386e+03    -2.470e+01    2.590e+03    -1.617e+01
3.038e+00    4.889e+01    4.247e+02    7.038e+03    -8.084e+01    5.379e+03    -2.654e+02
3.798e+00    -3.311e+01    -1.820e+02    1.855e+05    -8.985e+01    1.022e+05    1.563e+02
4.557e+00    9.621e+02    1.924e+03    3.502e+05    -3.516e+02    1.587e+05    -8.264e+01
5.317e+00    1.534e+04    -8.928e+03    2.254e+07    5.019e+03    1.085e+07    -5.409e+04
6.076e+00    1.942e+02    -2.826e+02    1.855e+04    1.139e+02    1.439e+04    -4.898e+03
6.836e+00    2.739e+02    -2.583e+02    8.425e+02    -8.595e+00    4.388e+03    -2.320e+03
7.595e+00    3.363e+02    -1.356e+02    -4.577e+02    -3.516e+01    2.798e+03    -1.058e+03
8.355e+00    2.982e+02    -1.524e+02    -8.182e+02    -3.396e+00    1.935e+03    -1.277e+03
9.114e+00    0.000e+00    0.000e+00    0.000e+00    0.000e+00    0.000e+00    0.000e+00
9.874e+00    0.000e+00    0.000e+00    0.000e+00    0.000e+00    0.000e+00    0.000e+00
1.063e+01    0.000e+00    0.000e+00    0.000e+00    0.000e+00    0.000e+00    0.000e+00
1.139e+01    0.000e+00    0.000e+00    0.000e+00    0.000e+00    0.000e+00    0.000e+00
1.215e+01    0.000e+00    0.000e+00    0.000e+00    0.000e+00    0.000e+00    0.000e+00
1.291e+01    0.000e+00    0.000e+00    0.000e+00    0.000e+00    0.000e+00    0.000e+00
1.367e+01    0.000e+00    0.000e+00    0.000e+00    0.000e+00    0.000e+00    0.000e+00
1.443e+01    0.000e+00    0.000e+00    0.000e+00    0.000e+00    0.000e+00    0.000e+00
1.519e+01    0.000e+00    0.000e+00    0.000e+00    0.000e+00    0.000e+00    0.000e+00
75
7.595e-01    4.542e+00    1.274e+01    7.437e+02    1.031e+00    2.221e+02    3.035e+01
1.519e+00    2.548e+00    8.772e+01    2.392e+03    -1.250e+00    1.133e+03    1.316e+02
2.279e+00    -6.414e+00    2.392e+02    4.958e+03    -2.843e+01    2.993e+03    2.590e+02
3.038e+00    2.011e+01    5.963e+02    9.274e+03    -1.406e+02    4.207e+03    -2.203e+02
3.798e+00    -1.181e+01    8.460e+02    7.628e+03    -2.260e+02    3.997e+03    -2.080e+02
4.557e+00    -1.578e+01    1.047e+03    6.397e+03    -2.780e+02    3.636e+03    -7.453e+01
5.317e+00    5.929e+01    1.116e+03    4.906e+03    -2.611e+02    3.516e+03    1.848e+02
6.076e+00    2.098e+02    1.066e+03    3.519e+03    -1.857e+02    3.847e+03    3.336e+02
6.836e+00    3.606e+02    9.916e+02    2.340e+03    -1.028e+02    4.207e+03    2.248e+02
7.595e+00    4.351e+02    9.829e+02    1.401e+03    -8.655e+01    3.937e+03    -8.324e+01
8.355e+00    4.247e+02    9.916e+02    8.044e+02    -1.758e+02    2.813e+03    -3.937e+02
9.114e+00    3.675e+02    8.096e+02    5.807e+02    -3.035e+02    1.521e+03    -6.010e+02
9.874e+00    3.120e+02    3.554e+02    5.339e+02    -3.246e+02    1.091e+03    -7.603e+02
1.063e+01    3.138e+02    -6.483e+01    4.975e+02    -1.785e+02    1.608e+03    -8.775e+02
1.139e+01    3.814e+02    -9.084e+01    5.599e+02    -1.674e+01    1.932e+03    -7.813e+02
1.215e+01    4.473e+02    7.246e+01    7.125e+02    5.439e+00    1.464e+03    -4.989e+02
1.291e+01    4.559e+02    7.836e+00    8.581e+02    -2.867e+01    1.070e+03    -3.456e+02
1.367e+01    4.265e+02    -1.662e+02    1.506e+03    -7.002e+00    1.494e+03    -2.951e+02
1.443e+01    4.108e+02    -1.890e+02    3.398e+03    5.199e+00    2.636e+03    -6.221e+01
1.519e+01    4.265e+02    3.276e+01    3.068e+04    -2.395e+02    1.848e+04    8.414e+02
90
7.595e-01    4.767e+00    1.311e+01    7.576e+02    1.163e+00    2.281e+02    3.817e+01
1.519e+00    2.375e+00    8.841e+01    2.514e+03    -1.572e+00    1.202e+03    1.881e+02
2.279e+00    1.498e+02    -5.911e+02    4.178e+05    3.907e+02    2.098e+05    9.556e+02
3.038e+00    -8.824e+01    3.658e+02    6.847e+03    -1.265e+02    3.606e+03    4.147e+02
3.798e+00    -2.323e+02    4.785e+02    7.229e+03    -1.857e+02    3.666e+03    7.182e+02
4.557e+00    -2.774e+02    5.669e+02    8.460e+03    -2.080e+02    4.478e+03    1.208e+03
5.317e+00    -2.323e+02    7.194e+02    1.066e+04    -2.248e+02    6.702e+03    1.455e+03
6.076e+00    -1.890e+02    1.546e+03    1.423e+04    -3.336e+02    1.064e+04    7.904e+02
6.836e+00    4.299e+02    6.535e+03    1.942e+04    -8.775e+02    1.773e+04    -2.110e+03
7.595e+00    4.733e+02    1.343e+04    1.004e+04    -1.530e+03    1.148e+04    -3.065e+03
8.355e+00    6.952e+01    1.347e+04    5.287e+03    -1.388e+03    5.620e+03    -1.764e+03
9.114e+00    -1.038e+02    1.326e+04    4.230e+03    -1.238e+03    3.606e+03    -8.324e+02
9.874e+00    -1.838e+02    1.349e+04    4.369e+03    -1.136e+03    2.816e+03    -1.683e+02
1.063e+01    -2.271e+02    1.369e+04    4.473e+03    -1.082e+03    2.443e+03    2.750e+02
1.139e+01    -2.150e+02    1.382e+04    4.126e+03    -1.028e+03    2.158e+03    5.800e+02
1.215e+01    -2.410e+02    1.435e+04    4.698e+03    -8.775e+02    2.251e+03    7.783e+02
1.291e+01    -2.236e+02    1.432e+04    4.958e+03    -9.436e+02    2.257e+03    8.715e+02
1.367e+01    -2.046e+02    1.432e+04    5.027e+03    -9.196e+02    2.302e+03    9.166e+02
1.443e+01    -1.498e+02    1.420e+04    1.602e+03    -8.865e+02    9.046e+02    2.356e+02
1.519e+01    -1.907e+02    1.425e+04    5.235e+03    -8.535e+02    2.455e+03    7.904e+02
105
7.595e-01    4.334e+00    1.255e+01    7.437e+02    1.196e+00    2.314e+02    4.297e+01
1.519e+00    4.247e+00    7.974e+01    2.600e+03    -1.602e+00    1.262e+03    2.149e+02
2.279e+00    2.739e+00    1.591e+02    5.547e+03    -5.259e+01    2.900e+03    4.808e+02
3.038e+00    -5.981e+01    7.004e+01    6.674e+03    -8.084e+01    3.666e+03    5.439e+02
3.798e+00    1.942e+01    -2.912e+02    9.795e+03    -5.499e+01    4.808e+03    7.783e+02
4.557e+00    3.380e+02    -9.448e+02    1.838e+04    -6.882e+00    8.775e+03    7.032e+02
5.317e+00    5.426e+02    1.035e+04    4.421e+04    -9.586e+02    2.645e+04    -1.196e+03
6.076e+00    -1.031e+03    1.838e+04    1.269e+04    -1.439e+03    9.466e+03    -3.155e+03
6.836e+00    -6.674e+02    1.293e+04    5.045e+03    -9.737e+02    2.572e+03    -1.253e+03
7.595e+00    -8.009e+02    1.444e+04    4.767e+03    -9.256e+02    1.542e+03    2.116e+02
8.355e+00    -7.610e+02    1.600e+04    3.883e+03    -9.106e+02    9.406e+02    1.506e+03
9.114e+00    -7.177e+02    1.734e+04    2.496e+03    -9.076e+02    5.229e+02    1.593e+03
9.874e+00    -6.934e+02    1.768e+04    4.594e+03    -8.835e+02    2.019e+03    1.554e+03
1.063e+01    -6.847e+02    1.924e+04    4.837e+03    -8.775e+02    2.341e+03    1.509e+03
1.139e+01    -9.812e+02    1.976e+04    1.578e+03    -7.934e+02    9.256e+02    1.142e+03
1.215e+01    -7.541e+02    1.942e+04    5.218e+03    -8.414e+02    2.506e+03    1.085e+03
1.291e+01    -1.768e+03    1.994e+04    -2.375e+03    -8.054e+02    -3.216e+03    -4.327e+01
1.367e+01    -1.085e+03    2.011e+04    4.525e+03    -7.573e+02    1.830e+03    1.385e+03
1.443e+01    -1.172e+03    1.942e+04    3.848e+03    -7.603e+02    1.349e+03    9.076e+02
1.519e+01    -1.616e+03    2.046e+04    1.390e+03    -7.633e+02    -1.100e+03    1.518e+03
120
7.595e-01    3.450e+00    1.118e+01    7.073e+02    1.124e+00    2.311e+02    4.297e+01
1.519e+00    9.673e+00    6.414e+01    2.618e+03    -1.223e+00    1.313e+03    2.062e+02
2.279e+00    4.802e+01    4.923e+01    5.062e+03    -3.456e+01    2.975e+03    4.207e+02
3.038e+00    1.357e+02    -2.080e+02    7.402e+03    -2.684e+01    3.847e+03    4.598e+02
3.798e+00    4.819e+02    -9.500e+02    1.584e+04    1.713e+01    5.800e+03    6.221e+02
4.557e+00    -1.200e+03    8.442e+03    5.495e+04    -6.251e+02    2.521e+04    1.112e+03
5.317e+00    -3.016e+03    1.546e+04    8.876e+03    -9.016e+02    6.281e+03    -1.464e+03
6.076e+00    -1.673e+03    1.250e+04    2.184e+03    -7.092e+02    1.064e+03    1.100e+03
6.836e+00    -1.182e+03    1.442e+04    2.236e+03    -7.934e+02    1.190e+03    2.335e+03
7.595e+00    -1.011e+03    1.621e+04    3.086e+03    -8.354e+02    2.092e+03    2.053e+03
8.355e+00    -9.708e+02    1.640e+04    3.276e+03    -7.753e+02    2.275e+03    1.935e+03
9.114e+00    -1.149e+03    1.701e+04    3.606e+03    -7.423e+02    1.980e+03    1.914e+03
9.874e+00    -1.219e+03    1.768e+04    3.502e+03    -7.393e+02    1.854e+03    1.965e+03
1.063e+01    -1.222e+03    1.734e+04    3.814e+03    -6.852e+02    1.698e+03    1.950e+03
1.139e+01    -1.536e+03    1.786e+04    1.994e+03    -6.131e+02    2.305e+02    1.923e+03
1.215e+01    -2.167e+03    1.751e+04    -1.387e+03    -7.483e+02    -2.810e+03    1.494e+02
1.291e+01    -1.924e+03    1.751e+04    2.479e+03    -6.882e+02    -1.157e+02    7.994e+02
1.367e+01    -2.254e+03    1.751e+04    2.687e+03    -6.581e+02    -3.306e+01    1.473e+03
1.443e+01    -3.120e+03    1.669e+04    1.713e+03    -6.762e+02    -1.139e+03    1.061e+03
1.519e+01    -3.346e+03    1.751e+04    1.994e+03    -7.242e+02    -1.295e+03    1.253e+03
135
7.595e-01    2.358e+00    9.066e+00    6.587e+02    9.496e-01    2.281e+02    3.787e+01
1.519e+00    1.838e+01    4.542e+01    2.583e+03    -5.620e-01    1.352e+03    1.671e+02
2.279e+00    1.165e+02    -2.184e+01    4.802e+03    -1.959e+01    3.035e+03    3.095e+02
3.038e+00    3.796e+02    -3.692e+02    8.928e+03    4.418e+00    3.877e+03    3.456e+02
3.798e+00    1.578e+02    -2.826e+02    2.895e+04    -6.491e+01    7.723e+03    1.058e+03
4.557e+00    -5.894e+03    1.430e+04    2.323e+04    -6.581e+02    1.421e+04    -8.745e+02
5.317e+00    -2.548e+03    1.033e+04    5.287e+02    -5.319e+02    3.516e+02    1.214e+03
6.076e+00    -1.448e+03    1.161e+04    1.248e+03    -6.461e+02    1.160e+03    2.224e+03
6.836e+00    -1.239e+03    1.288e+04    1.994e+03    -6.611e+02    2.044e+03    1.740e+03
7.595e+00    -1.333e+03    1.307e+04    1.890e+03    -6.040e+02    1.653e+03    1.818e+03
8.355e+00    -1.321e+03    1.229e+04    1.708e+03    -5.409e+02    1.181e+03    2.530e+03
9.114e+00    -4.750e+03    1.669e+04    -1.649e+04    -5.920e+02    -1.548e+04    3.246e+03
9.874e+00    -1.555e+03    1.376e+04    2.860e+03    -5.319e+02    1.304e+03    1.791e+03
1.063e+01    -2.323e+03    1.314e+04    -2.704e+03    -4.087e+02    -4.267e+03    2.155e+03
1.139e+01    -2.063e+03    1.402e+04    1.976e+03    -4.838e+02    3.726e+01    1.572e+03
1.215e+01    -2.618e+03    1.350e+04    5.374e+02    -5.079e+02    -1.611e+03    1.049e+03
1.291e+01    -3.259e+03    1.295e+04    9.552e+02    -5.199e+02    -1.737e+03    1.476e+03
1.367e+01    -3.606e+03    1.305e+04    1.357e+03    -5.980e+02    -1.971e+03    3.636e+02
1.443e+01    -7.576e+03    1.142e+04    -7.697e+03    -4.598e+02    -1.259e+04    2.401e+03
1.519e+01    -1.000e+04    1.186e+04    -4.126e+03    -7.333e+02    -1.064e+04    3.246e+02
150
7.595e-01    1.354e+00    6.379e+00    6.085e+02    6.912e-01    2.242e+02    2.816e+01
1.519e+00    2.826e+01    2.739e+01    2.514e+03    5.079e-02    1.379e+03    1.118e+02
2.279e+00    1.838e+02    -4.663e+01    4.629e+03    -8.955e+00    3.035e+03    1.929e+02
3.038e+00    4.975e+02    -3.502e+02    1.071e+04    8.505e+00    3.606e+03    2.666e+02
3.798e+00    -2.236e+03    2.028e+03    5.045e+04    -1.638e+02    1.455e+04    1.581e+03
4.557e+00    -4.733e+03    7.836e+03    4.681e+03    -3.366e+02    3.396e+03    1.232e+02
5.317e+00    -1.583e+03    7.472e+03    -2.496e+03    -4.057e+02    3.666e+02    1.617e+03
6.076e+00    -1.402e+03    8.512e+03    1.139e+03    -4.538e+02    1.716e+03    1.448e+03
6.836e+00    -1.448e+03    8.806e+03    1.354e+03    -4.117e+02    1.379e+03    1.451e+03
7.595e+00    -1.409e+03    9.222e+03    1.555e+03    -3.847e+02    1.271e+03    1.788e+03
8.355e+00    -1.401e+03    9.153e+03    2.080e+03    -3.576e+02    1.307e+03    1.767e+03
9.114e+00    -2.254e+03    9.899e+03    -2.583e+03    -3.366e+02    -2.837e+03    1.476e+03
9.874e+00    -2.496e+03    8.980e+03    -2.046e+03    -3.426e+02    -3.516e+03    1.370e+03
1.063e+01    -2.271e+03    9.760e+03    9.032e+02    -3.336e+02    -1.088e+03    1.593e+03
1.139e+01    -2.323e+03    9.049e+03    1.378e+03    -3.246e+02    -7.874e+02    1.172e+03
1.215e+01    -3.016e+03    8.997e+03    5.686e+02    -3.696e+02    -2.071e+03    1.067e+03
1.291e+01    -4.698e+03    8.269e+03    -2.063e+03    -3.756e+02    -5.469e+03    9.737e+02
1.367e+01    -5.027e+03    6.743e+03    -1.890e+03    -4.207e+02    -7.062e+03    -1.503e+03
1.443e+01    -4.455e+03    5.929e+03    5.097e+03    -5.830e+02    1.884e+03    -1.974e+03
1.519e+01    -4.958e+03    -1.248e+03    5.062e+03    -5.319e+02    -1.325e+03    4.658e+02
165
7.595e-01    6.570e-01    3.294e+00    5.721e+02    3.726e-01    2.209e+02    1.503e+01
1.519e+00    3.606e+01    1.248e+01    2.444e+03    2.822e-01    1.391e+03    5.379e+01
2.279e+00    2.288e+02    -3.346e+01    4.542e+03    -3.005e+00    3.005e+03    9.196e+01
3.038e+00    4.837e+02    -1.994e+02    1.220e+04    3.246e+00    3.276e+03    1.620e+02
3.798e+00    -5.721e+03    2.652e+03    6.275e+04    -1.205e+02    2.164e+04    9.586e+02
4.557e+00    -3.883e+03    3.692e+03    6.952e+02    -1.644e+02    8.595e+02    3.847e+02
5.317e+00    -1.612e+03    3.952e+03    1.009e+02    -2.203e+02    9.256e+02    8.595e+02
6.076e+00    -1.415e+03    4.386e+03    5.045e+02    -2.248e+02    1.566e+03    7.152e+02
6.836e+00    -1.498e+03    4.594e+03    8.789e+02    -2.025e+02    9.586e+02    8.835e+02
7.595e+00    -1.378e+03    4.577e+03    1.354e+03    -1.929e+02    1.064e+03    9.316e+02
8.355e+00    -2.774e+03    5.270e+03    -4.386e+03    -2.104e+02    -4.718e+03    2.996e+02
9.114e+00    -2.444e+03    4.975e+03    -2.808e+03    -1.962e+02    -4.117e+03    7.002e+02
9.874e+00    -1.872e+03    4.698e+03    2.635e+02    -1.524e+02    -7.753e+02    6.581e+02
1.063e+01    -1.976e+03    4.403e+03    1.383e+03    -1.596e+02    -2.554e+02    5.049e+02
1.139e+01    -2.652e+03    4.438e+03    2.392e+02    -1.794e+02    -2.050e+03    6.100e+02
1.215e+01    -3.554e+03    4.247e+03    -7.298e+02    -2.200e+02    -3.726e+03    -3.155e+01
1.291e+01    -8.806e+03    7.420e+03    -1.234e+04    -6.070e+02    -1.905e+04    -7.333e+03
1.367e+01    -3.606e+03    2.063e+03    2.063e+03    -2.047e+02    -2.362e+03    -5.890e+02
1.443e+01    -9.777e+03    -1.942e+03    1.704e+04    -3.937e+02    1.295e+04    1.370e+03
1.519e+01    -6.293e+03    2.392e+03    7.957e+03    5.530e+00    1.301e+03    -6.641e+03
180
7.595e-01    4.091e-01    -2.427e-03    5.599e+02    2.395e-02    2.197e+02    7.423e-03
1.519e+00    3.900e+01    -4.317e-03    2.427e+03    1.109e-01    1.394e+03    7.453e-02
2.279e+00    2.462e+02    -6.206e-02    4.525e+03    8.595e-02    2.993e+03    4.057e-02
3.038e+00    4.559e+02    4.646e-01    1.281e+04    3.456e-01    3.125e+03    8.475e-01
3.798e+00    -7.108e+03    1.213e+01    6.345e+04    3.546e+00    2.332e+04    8.865e+00
4.557e+00    -3.640e+03    2.306e+00    -2.791e+01    3.125e-01    4.177e+02    8.264e-01
5.317e+00    -1.576e+03    1.163e+02    -5.062e+03    -1.545e+01    2.383e+02    -1.067e+02
6.076e+00    -1.484e+03    8.130e-01    8.408e+02    4.688e-01    1.491e+03    -2.867e+00
6.836e+00    -1.501e+03    6.241e+00    7.818e+02    6.762e-01    9.046e+02    -2.750e+00
7.595e+00    -1.340e+03    5.235e+01    1.200e+03    -2.047e+00    8.384e+02    -3.576e+01
8.355e+00    -2.046e+03    1.252e+02    -7.628e+02    -1.169e+01    -4.057e+02    -1.421e+02
9.114e+00    -1.576e+03    2.323e+01    1.734e+03    -9.076e-01    5.439e+02    -2.533e+01
9.874e+00    -1.720e+03    1.636e+01    1.092e+03    -2.446e+00    -4.718e+02    -1.025e+02
1.063e+01    -1.890e+03    -2.774e+01    1.187e+03    -1.773e+00    -6.671e+02    -1.046e+02
1.139e+01    -2.514e+03    -6.795e+01    5.686e+02    3.817e+00    -1.794e+03    1.578e+01
1.215e+01    -4.629e+03    -2.202e+02    -2.808e+03    4.027e+01    -6.070e+03    6.611e+02
1.291e+01    -1.820e+04    4.733e+03    -9.899e+03    2.010e+02    -1.719e+04    1.052e+02
1.367e+01    -1.786e+04    7.281e+03    3.554e+03    1.752e+02    -2.356e+03    -7.092e+03
1.443e+01    -6.518e+03    -7.281e+03    2.635e+03    -3.516e+02    -5.109e+03    2.230e+03
1.519e+01    -3.051e+04    -7.472e+03    -2.115e+04    1.917e+02    -4.117e+04    1.388e+04
