13 20
0
7.595e-01    1.333e-02    -9.257e-05    3.276e+02    1.503e-04    2.657e+01    -3.907e-04
1.519e+00    8.286e-01    1.227e-03    1.047e+03    1.235e-03    9.586e+01    -1.001e-03
2.279e+00    9.136e+00    1.352e-02    2.184e+03    1.070e-02    3.095e+02    -3.065e-03
3.038e+00    3.502e+01    9.413e-02    3.536e+03    8.174e-02    1.052e+03    1.355e-01
3.798e+00    6.033e+01    3.086e-01    4.941e+03    2.666e-01    2.780e+03    3.787e-01
4.557e+00    8.824e+01    4.559e-01    5.270e+03    4.327e-01    4.478e+03    4.748e-01
5.317e+00    1.855e+02    1.924e-01    2.982e+03    2.777e-01    4.147e+03    8.354e-02
6.076e+00    2.826e+02    1.234e-01    1.907e+03    7.663e-02    3.666e+03    1.034e-01
6.836e+00    3.294e+02    2.895e-01    3.207e+03    1.746e-01    4.267e+03    2.131e-01
7.595e+00    2.184e+02    1.768e-01    2.115e+03    1.418e-01    2.948e+03    1.070e-02
8.355e+00    2.843e+02    1.751e-01    2.098e+03    5.860e-02    3.035e+03    9.286e-02
9.114e+00    2.583e+02    1.004e-01    1.942e+03    5.319e-02    2.618e+03    3.546e-02
9.874e+00    1.682e+02    9.049e-02    1.699e+03    -1.259e-02    1.881e+03    2.035e-02
1.063e+01    1.768e+02    7.264e-02    1.623e+03    -7.813e-02    1.746e+03    -2.930e-03
1.139e+01    1.768e+02    8.390e-02    1.581e+03    -1.557e-01    1.608e+03    -2.873e-02
1.215e+01    1.751e+02    8.148e-02    1.534e+03    -2.455e-01    1.497e+03    -1.151e-02
1.291e+01    1.751e+02    7.437e-02    1.486e+03    -3.426e-01    1.427e+03    7.092e-02
1.367e+01    1.786e+02    8.165e-02    1.446e+03    -4.448e-01    1.391e+03    2.218e-01
1.443e+01    1.838e+02    4.698e-02    1.408e+03    -5.469e-01    1.373e+03    3.606e-01
1.519e+01    1.890e+02    -1.751e-02    1.373e+03    -6.491e-01    1.373e+03    5.590e-01
15
7.595e-01    1.820e-02    1.694e-02    3.259e+02    -4.568e-04    2.684e+01    -5.650e-01
1.519e+00    7.749e-01    2.704e-01    1.045e+03    -1.154e-02    9.586e+01    -3.847e+00
2.279e+00    8.598e+00    1.803e+00    2.288e+03    1.043e+00    3.546e+02    -7.002e+01
3.038e+00    3.398e+01    1.109e+01    3.588e+03    -3.997e+00    1.019e+03    7.783e-01
3.798e+00    6.137e+01    1.855e+01    4.958e+03    -8.865e+00    2.639e+03    -1.974e+02
4.557e+00    9.378e+01    3.450e+01    5.287e+03    -2.185e+01    4.418e+03    -5.379e+02
5.317e+00    1.994e+02    1.432e+02    3.103e+03    -5.980e+01    4.418e+03    -6.131e+02
6.076e+00    2.912e+02    2.566e+02    1.657e+03    -7.212e+01    3.877e+03    -3.606e+02
6.836e+00    3.727e+02    1.035e+02    3.034e+03    -1.521e+01    4.568e+03    -5.439e+02
7.595e+00    2.219e+02    3.571e+00    2.080e+03    -2.281e+01    3.095e+03    -4.898e+02
8.355e+00    3.328e+02    3.987e+01    2.219e+03    -1.641e+01    3.366e+03    -4.748e+02
9.114e+00    2.531e+02    3.519e+01    1.855e+03    -2.128e+01    2.614e+03    -4.147e+02
9.874e+00    2.011e+02    -4.126e+01    1.699e+03    -1.331e+01    2.025e+03    -4.388e+02
1.063e+01    1.959e+02    -3.294e+01    1.657e+03    -1.244e+01    1.848e+03    -3.486e+02
1.139e+01    1.786e+02    -3.554e+01    1.583e+03    -4.087e+00    1.617e+03    -2.873e+02
1.215e+01    1.720e+02    -4.767e+01    1.517e+03    -1.121e+00    1.473e+03    -2.581e+02
1.291e+01    1.730e+02    -5.322e+01    1.474e+03    -1.007e+00    1.388e+03    -2.365e+02
1.367e+01    1.768e+02    -5.322e+01    1.434e+03    2.004e-01    1.349e+03    -2.119e+02
1.443e+01    1.803e+02    -5.357e+01    1.397e+03    6.641e-01    1.334e+03    -1.917e+02
1.519e+01    1.855e+02    -5.426e+01    1.361e+03    1.181e+00    1.331e+03    -1.749e+02
30
7.595e-01    3.120e-02    2.566e-02    3.259e+02    2.933e-03    2.759e+01    -8.144e-01
1.519e+00    6.258e-01    4.594e-01    1.044e+03    -3.426e-02    9.586e+01    -6.281e+00
2.279e+00    7.073e+00    3.051e+00    2.635e+03    7.002e-01    5.109e+02    -1.415e+02
3.038e+00    3.034e+01    2.046e+01    3.762e+03    -4.928e+00    9.226e+02    3.155e+01
3.798e+00    6.241e+01    3.848e+01    5.062e+03    -1.160e+01    2.254e+03    -2.398e+02
4.557e+00    1.090e+02    7.246e+01    5.530e+03    -3.065e+01    4.087e+03    -7.964e+02
5.317e+00    2.462e+02    3.190e+02    3.762e+03    -1.184e+02    5.079e+03    -1.178e+03
6.076e+00    3.328e+02    7.749e+02    1.444e+03    -2.440e+02    4.748e+03    -7.964e+02
6.836e+00    4.421e+02    7.056e+02    2.167e+03    -1.653e+02    5.379e+03    -7.904e+02
7.595e+00    3.519e+02    1.498e+02    1.976e+03    -5.950e+01    4.297e+03    -1.172e+03
8.355e+00    4.334e+02    1.569e+02    2.219e+03    -7.543e+01    4.147e+03    -9.647e+02
9.114e+00    3.259e+02    4.611e+01    1.855e+03    -3.546e+01    3.005e+03    -1.076e+03
9.874e+00    2.912e+02    1.094e+02    1.768e+03    -4.748e+01    2.605e+03    -9.016e+02
1.063e+01    2.392e+02    -1.019e+00    1.635e+03    -3.366e+01    1.974e+03    -8.745e+02
1.139e+01    2.392e+02    -5.582e+01    1.609e+03    -2.825e+01    1.710e+03    -8.294e+02
1.215e+01    2.063e+02    -3.710e+01    1.578e+03    -1.599e+01    1.557e+03    -6.401e+02
1.291e+01    1.924e+02    -6.865e+01    1.543e+03    -6.040e+00    1.412e+03    -5.680e+02
1.367e+01    1.872e+02    -7.402e+01    1.474e+03    -1.512e+00    1.334e+03    -4.928e+02
1.443e+01    1.855e+02    -8.338e+01    1.423e+03    3.366e-03    1.280e+03    -4.448e+02
1.519e+01    1.855e+02    -8.304e+01    1.373e+03    1.899e+00    1.253e+03    -3.937e+02
45
7.595e-01    5.027e-02    2.652e-02    3.259e+02    1.235e-02    2.867e+01    -6.010e-01
1.519e+00    4.213e-01    5.131e-01    1.042e+03    -6.221e-02    9.586e+01    -6.641e+00
2.279e+00    4.923e+00    3.259e+00    3.398e+03    -1.983e+00    8.715e+02    -2.281e+02
3.038e+00    2.375e+01    2.618e+01    3.935e+03    -2.395e+00    7.843e+02    9.376e+01
3.798e+00    5.773e+01    5.911e+01    5.305e+03    -6.852e+00    1.731e+03    -8.895e+01
4.557e+00    1.233e+02    1.146e+02    6.275e+03    -1.638e+01    3.426e+03    -5.560e+02
5.317e+00    3.242e+02    4.611e+02    5.807e+03    -1.091e+02    5.560e+03    -1.208e+03
6.076e+00    5.339e+02    1.532e+03    3.658e+03    -4.117e+02    6.762e+03    -1.307e+03
6.836e+00    4.663e+02    2.635e+03    1.907e+03    -6.762e+02    6.491e+03    -6.401e+02
7.595e+00    4.802e+02    2.444e+03    1.820e+03    -5.680e+02    6.401e+03    -8.114e+02
8.355e+00    6.743e+02    1.855e+03    2.132e+03    -5.109e+02    6.311e+03    -1.328e+03
9.114e+00    5.270e+02    1.768e+03    1.621e+03    -5.319e+02    4.868e+03    -1.109e+03
9.874e+00    3.831e+02    1.328e+03    1.056e+03    -3.546e+02    3.546e+03    -1.412e+03
1.063e+01    3.918e+02    9.240e+02    1.038e+03    -2.344e+02    2.957e+03    -1.448e+03
1.139e+01    4.733e+02    6.033e+02    1.291e+03    -1.566e+02    2.449e+03    -1.680e+03
1.215e+01    5.079e+02    4.542e+02    1.617e+03    -1.199e+02    2.004e+03    -1.602e+03
1.291e+01    4.785e+02    3.571e+02    1.890e+03    -9.226e+01    1.731e+03    -1.415e+03
1.367e+01    4.056e+02    3.415e+02    1.976e+03    -6.010e+01    1.686e+03    -1.331e+03
1.443e+01    3.744e+02    2.739e+02    1.959e+03    -3.666e+01    1.590e+03    -1.259e+03
1.519e+01    3.346e+02    2.288e+02    1.924e+03    -2.708e+01    1.521e+03    -1.130e+03
60
7.595e-01    6.657e-02    1.976e-02    3.276e+02    2.657e-02    2.984e+01    -1.424e-02
1.519e+00    2.150e-01    4.317e-01    1.045e+03    -7.904e-02    9.617e+01    -5.319e+00
2.279e+00    3.467e+00    1.959e+00    5.287e+03    -7.663e+00    1.788e+03    -3.726e+02
3.038e+00    1.449e+01    2.600e+01    4.056e+03    1.178e+00    6.401e+02    1.620e+02
3.798e+00    4.074e+01    7.160e+01    5.582e+03    -5.890e-01    1.229e+03    1.349e+02
4.557e+00    1.078e+02    1.567e+02    7.212e+03    3.396e+00    2.494e+03    1.497e+01
5.317e+00    3.432e+02    4.802e+02    8.858e+03    -1.749e+01    4.959e+03    -3.246e+02
6.076e+00    9.101e+02    1.768e+03    1.014e+04    -1.950e+02    8.565e+03    -9.346e+02
6.836e+00    1.402e+03    4.299e+03    9.153e+03    -5.560e+02    1.118e+04    -1.217e+03
7.595e+00    8.737e+02    6.605e+03    5.738e+03    -1.034e+03    9.436e+03    -7.693e+02
8.355e+00    2.514e+02    7.229e+03    4.525e+03    -1.208e+03    6.281e+03    -3.366e+02
9.114e+00    4.577e+02    7.420e+03    4.611e+03    -1.193e+03    6.191e+03    -9.556e+02
9.874e+00    5.426e+02    7.368e+03    4.004e+03    -1.154e+03    4.748e+03    -1.136e+03
1.063e+01    3.415e+02    7.454e+03    3.727e+03    -1.151e+03    3.306e+03    -9.076e+02
1.139e+01    3.744e+02    7.489e+03    3.779e+03    -1.133e+03    3.155e+03    -1.148e+03
1.215e+01    3.242e+02    7.194e+03    3.692e+03    -1.079e+03    2.648e+03    -1.109e+03
1.291e+01    3.363e+02    7.142e+03    3.814e+03    -1.058e+03    2.663e+03    -1.355e+03
1.367e+01    3.519e+02    6.830e+03    3.744e+03    -1.004e+03    2.548e+03    -1.482e+03
1.443e+01    3.606e+02    6.657e+03    3.744e+03    -9.767e+02    2.666e+03    -1.734e+03
1.519e+01    3.727e+02    6.293e+03    3.536e+03    -9.316e+02    2.693e+03    -1.893e+03
75
7.595e-01    8.044e-02    1.165e-02    3.311e+02    4.147e-02    3.095e+01    6.671e-01
1.519e+00    6.674e-02    2.462e-01    1.056e+03    -7.212e-02    9.737e+01    -3.516e+00
2.279e+00    8.234e+00    -1.768e+00    1.279e+04    -1.920e+01    5.409e+03    -7.393e+02
3.038e+00    5.131e+00    1.786e+01    4.126e+03    3.516e+00    5.379e+02    2.050e+02
3.798e+00    1.482e+01    5.825e+01    5.721e+03    1.992e+00    8.925e+02    2.723e+02
4.557e+00    4.403e+01    1.650e+02    7.524e+03    5.830e-01    1.656e+03    3.907e+02
5.317e+00    1.546e+02    5.530e+02    9.673e+03    -1.683e+01    3.246e+03    5.079e+02
6.076e+00    5.322e+02    2.375e+03    1.231e+04    -1.731e+02    6.191e+03    3.877e+02
6.836e+00    1.099e+03    6.726e+03    1.408e+04    -6.161e+02    1.124e+04    -1.947e+02
7.595e+00    1.342e+03    9.933e+03    1.286e+04    -1.061e+03    1.451e+04    -1.455e+03
8.355e+00    1.229e+03    1.149e+04    9.638e+03    -1.262e+03    1.220e+04    -1.968e+03
9.114e+00    8.165e+02    1.179e+04    7.281e+03    -1.265e+03    8.324e+03    -1.313e+03
9.874e+00    2.566e+02    1.134e+04    6.223e+03    -1.208e+03    5.229e+03    -2.876e+02
1.063e+01    2.722e+01    1.168e+04    6.015e+03    -1.184e+03    3.907e+03    2.575e+01
1.139e+01    1.460e+01    1.184e+04    5.963e+03    -1.166e+03    3.756e+03    -9.917e+01
1.215e+01    1.298e+02    1.193e+04    5.842e+03    -1.112e+03    3.787e+03    -2.581e+02
1.291e+01    1.508e+02    1.175e+04    5.530e+03    -1.031e+03    3.396e+03    -9.496e+01
1.367e+01    4.369e+01    1.193e+04    4.611e+03    -9.316e+02    3.035e+03    1.956e+02
1.443e+01    4.594e+01    1.141e+04    5.305e+03    -9.526e+02    3.185e+03    -1.331e+02
1.519e+01    1.375e+02    1.151e+04    5.478e+03    -9.316e+02    3.276e+03    -2.825e+02
90
7.595e-01    8.512e-02    5.530e-03    3.328e+02    5.199e-02    3.125e+01    1.136e+00
1.519e+00    2.288e-02    1.768e-02    1.071e+03    -4.928e-02    9.857e+01    -2.678e+00
2.279e+00    2.098e+02    -1.872e+01    2.115e+05    -8.805e+01    9.887e+04    -3.576e+03
3.038e+00    3.554e-01    2.756e+00    4.195e+03    4.748e+00    5.049e+02    2.050e+02
3.798e+00    -4.681e-01    1.087e+01    5.877e+03    3.967e+00    7.843e+02    2.551e+02
4.557e+00    -1.751e+00    6.952e+01    7.610e+03    -1.977e+00    1.199e+03    3.246e+02
5.317e+00    -1.019e+01    5.842e+02    9.205e+03    -5.169e+01    1.743e+03    4.357e+02
6.076e+00    -1.640e+02    3.970e+03    9.014e+03    -4.237e+02    2.608e+03    7.543e+02
6.836e+00    -6.865e+02    1.030e+04    5.721e+03    -1.178e+03    3.546e+03    4.688e+02
7.595e+00    -6.900e+02    1.253e+04    4.056e+03    -1.370e+03    3.336e+03    -3.456e+02
8.355e+00    -5.183e+02    1.293e+04    3.692e+03    -1.289e+03    2.687e+03    -4.117e+02
9.114e+00    -4.178e+02    1.316e+04    3.692e+03    -1.202e+03    2.302e+03    -9.076e+01
9.874e+00    -3.606e+02    1.352e+04    4.143e+03    -1.124e+03    2.131e+03    2.831e+02
1.063e+01    -3.363e+02    1.373e+04    4.386e+03    -1.079e+03    2.059e+03    5.680e+02
1.139e+01    -2.895e+02    1.383e+04    4.161e+03    -1.028e+03    1.947e+03    7.723e+02
1.215e+01    -2.808e+02    1.432e+04    4.663e+03    -8.745e+02    2.125e+03    8.955e+02
1.291e+01    -2.479e+02    1.425e+04    4.941e+03    -9.406e+02    2.188e+03    9.466e+02
1.367e+01    -2.184e+02    1.427e+04    5.010e+03    -9.166e+02    2.269e+03    9.586e+02
1.443e+01    -1.579e+02    1.415e+04    1.668e+03    -8.865e+02    9.226e+02    2.750e+02
1.519e+01    -1.924e+02    1.422e+04    5.218e+03    -8.505e+02    2.452e+03    8.084e+02
105
7.595e-01    8.061e-02    3.311e-03    3.346e+02    5.439e-02    3.125e+01    1.214e+00
1.519e+00    1.033e-01    -1.976e-01    1.085e+03    -3.366e-02    9.977e+01    -3.456e+00
2.279e+00    3.588e+01    6.015e+00    3.952e+04    4.688e+01    1.734e+04    1.617e+03
3.038e+00    4.074e+00    -1.399e+01    4.265e+03    5.980e+00    5.469e+02    1.644e+02
3.798e+00    1.411e+01    -4.698e+01    6.206e+03    7.603e+00    8.985e+02    1.325e+02
4.557e+00    2.410e+01    -6.258e+01    8.650e+03    3.636e-01    1.187e+03    2.113e+01
5.317e+00    -1.000e+02    5.686e+02    1.184e+04    -1.019e+02    1.019e+03    -1.473e+01
6.076e+00    -7.437e+02    5.565e+03    1.317e+04    -6.251e+02    1.235e+03    9.917e+02
6.836e+00    -1.245e+03    1.120e+04    7.298e+03    -1.028e+03    2.155e+03    5.800e+02
7.595e+00    -1.200e+03    1.200e+04    4.126e+03    -1.043e+03    1.827e+02    2.684e+02
8.355e+00    -1.033e+03    1.219e+04    3.294e+03    -9.947e+02    -7.483e+02    9.346e+02
9.114e+00    -5.825e+02    1.265e+04    -2.236e+03    -9.887e+02    -5.680e+02    1.983e+03
9.874e+00    7.402e+01    1.285e+04    -6.501e+03    -1.004e+03    -5.289e+01    2.185e+03
1.063e+01    -3.970e+02    1.369e+04    4.629e+03    -9.797e+02    1.506e+03    1.602e+03
1.139e+01    -3.155e+02    1.390e+04    4.681e+03    -9.857e+02    2.092e+03    1.391e+03
1.215e+01    -3.190e+02    1.427e+04    5.131e+03    -9.196e+02    2.004e+03    1.346e+03
1.291e+01    -3.276e+02    1.423e+04    4.369e+03    -8.535e+02    1.680e+03    1.485e+03
1.367e+01    -3.918e+02    1.448e+04    4.854e+03    -8.384e+02    1.818e+03    1.593e+03
1.443e+01    -3.848e+02    1.468e+04    4.975e+03    -8.294e+02    1.971e+03    1.479e+03
1.519e+01    -3.987e+02    1.480e+04    4.906e+03    -8.264e+02    1.974e+03    1.364e+03
120
7.595e-01    6.743e-02    5.755e-03    3.346e+02    4.868e-02    3.035e+01    9.316e-01
1.519e+00    2.947e-01    -3.467e-01    1.092e+03    -4.297e-02    1.001e+02    -5.319e+00
2.279e+00    6.570e+00    -1.768e+00    8.390e+03    2.179e+01    2.996e+03    6.551e+02
3.038e+00    1.578e+01    -2.583e+01    4.317e+03    7.363e+00    6.491e+02    1.112e+02
3.798e+00    4.455e+01    -7.610e+01    6.605e+03    8.264e+00    1.217e+03    5.590e+01
4.557e+00    -5.981e+01    -1.130e+01    9.743e+03    -3.065e+01    1.346e+03    3.366e+01
5.317e+00    -8.910e+02    1.427e+03    1.363e+04    -2.762e+02    -1.995e+02    6.371e+02
6.076e+00    -2.271e+03    6.795e+03    1.057e+04    -5.620e+02    -1.686e+03    2.747e+03
6.836e+00    -1.924e+03    9.638e+03    1.430e+03    -6.371e+02    -2.230e+03    2.843e+03
7.595e+00    -1.018e+03    1.087e+04    1.179e+03    -8.775e+02    -2.705e+02    2.323e+03
8.355e+00    -5.374e+02    1.167e+04    2.687e+03    -1.043e+03    1.451e+03    1.277e+03
9.114e+00    -5.027e+02    1.187e+04    2.860e+03    -9.076e+02    1.040e+03    1.605e+03
9.874e+00    -6.223e+02    1.248e+04    3.242e+03    -9.016e+02    9.556e+02    2.188e+03
1.063e+01    -5.305e+02    1.267e+04    3.294e+03    -8.805e+02    1.361e+03    2.107e+03
1.139e+01    -5.963e+02    1.300e+04    3.831e+03    -8.324e+02    1.274e+03    2.215e+03
1.215e+01    -7.194e+02    1.380e+04    3.398e+03    -8.475e+02    9.827e+02    2.386e+03
1.291e+01    -7.298e+02    1.390e+04    3.259e+03    -8.174e+02    9.166e+02    2.242e+03
1.367e+01    -6.414e+02    1.343e+04    3.900e+03    -7.423e+02    1.190e+03    2.257e+03
1.443e+01    -6.882e+02    1.359e+04    3.935e+03    -7.242e+02    1.211e+03    2.197e+03
1.519e+01    -7.177e+02    1.364e+04    3.987e+03    -7.002e+02    1.223e+03    2.149e+03
135
7.595e-01    4.802e-02    8.876e-03    3.311e+02    3.726e-02    2.903e+01    4.959e-01
1.519e+00    5.443e-01    -4.004e-01    1.085e+03    -6.822e-02    9.917e+01    -6.882e+00
2.279e+00    6.518e+00    -4.230e+00    4.369e+03    1.560e+01    1.196e+03    3.666e+02
3.038e+00    3.051e+01    -2.930e+01    4.299e+03    7.964e+00    7.994e+02    7.693e+01
3.798e+00    5.218e+01    -6.553e+01    6.934e+03    4.688e+00    1.695e+03    1.250e+02
4.557e+00    -3.779e+02    1.924e+02    9.933e+03    -6.611e+01    1.500e+03    5.109e+02
5.317e+00    -1.768e+03    2.323e+03    1.132e+04    -3.456e+02    -9.196e+02    1.683e+03
6.076e+00    -1.942e+03    6.171e+03    2.635e+03    -4.838e+02    -1.409e+03    2.446e+03
6.836e+00    -9.465e+02    7.957e+03    -3.155e+01    -7.813e+02    2.170e+02    1.319e+03
7.595e+00    -8.512e+02    8.754e+03    1.059e+03    -8.565e+02    5.620e+02    1.118e+03
8.355e+00    -8.494e+02    9.274e+03    1.092e+01    -8.745e+02    2.203e+02    2.022e+03
9.114e+00    -6.345e+02    9.378e+03    1.976e+03    -7.663e+02    7.994e+02    2.143e+03
9.874e+00    -6.847e+02    9.691e+03    1.976e+03    -7.483e+02    6.221e+02    2.107e+03
1.063e+01    -7.264e+02    1.004e+04    2.548e+03    -7.182e+02    6.221e+02    2.206e+03
1.139e+01    -7.524e+02    1.028e+04    2.687e+03    -6.792e+02    5.860e+02    2.260e+03
1.215e+01    -7.905e+02    1.047e+04    2.808e+03    -6.491e+02    5.980e+02    2.257e+03
1.291e+01    -8.442e+02    1.073e+04    2.652e+03    -6.251e+02    3.005e+02    2.344e+03
1.367e+01    -7.922e+02    1.075e+04    2.860e+03    -5.950e+02    6.401e+02    2.230e+03
1.443e+01    -7.108e+02    1.078e+04    2.618e+03    -5.620e+02    5.830e+02    2.016e+03
1.519e+01    -8.616e+02    1.096e+04    2.774e+03    -5.409e+02    5.830e+02    2.272e+03
150
7.595e-01    3.016e-02    9.222e-03    3.276e+02    2.386e-02    2.759e+01    1.361e-01
1.519e+00    7.888e-01    -3.450e-01    1.071e+03    -7.994e-02    9.767e+01    -6.641e+00
2.279e+00    9.309e+00    -4.299e+00    3.034e+03    1.115e+01    6.251e+02    2.050e+02
3.038e+00    4.282e+01    -2.444e+01    4.247e+03    6.852e+00    9.767e+02    6.100e+01
3.798e+00    2.375e+01    -3.744e+01    7.194e+03    1.205e+00    2.206e+03    2.254e+02
4.557e+00    -7.264e+02    2.947e+02    9.656e+03    -6.611e+01    1.641e+03    8.234e+02
5.317e+00    -1.872e+03    2.150e+03    7.766e+03    -2.798e+02    -7.693e+02    1.545e+03
6.076e+00    -1.267e+03    4.473e+03    -2.184e+02    -4.928e+02    -6.942e+02    8.595e+02
6.836e+00    -1.045e+03    5.305e+03    -1.182e+02    -6.131e+02    -1.743e+02    5.199e+02
7.595e+00    -9.136e+02    5.738e+03    -1.590e+02    -5.980e+02    -2.038e+02    1.497e+03
8.355e+00    -7.489e+02    6.171e+03    6.414e+02    -6.131e+02    4.297e+02    1.626e+03
9.114e+00    -6.726e+02    6.310e+03    1.026e+03    -5.710e+02    2.557e+02    1.773e+03
9.874e+00    -6.431e+02    6.362e+03    1.047e+03    -5.319e+02    2.128e+02    1.626e+03
1.063e+01    -7.368e+02    6.830e+03    1.564e+03    -5.139e+02    2.200e+02    1.758e+03
1.139e+01    -7.836e+02    7.004e+03    1.671e+03    -4.838e+02    1.232e+02    1.830e+03
1.215e+01    -8.148e+02    7.004e+03    1.786e+03    -4.598e+02    2.092e+02    1.866e+03
1.291e+01    -8.858e+02    7.229e+03    8.269e+02    -3.847e+02    -3.125e+02    2.068e+03
1.367e+01    -7.922e+02    7.316e+03    1.994e+03    -4.027e+02    2.765e+02    1.758e+03
1.443e+01    -1.097e+03    7.732e+03    1.375e+03    -4.117e+02    -4.057e+02    1.767e+03
1.519e+01    -8.304e+02    7.680e+03    1.976e+03    -3.817e+02    -2.395e+00    1.791e+03
165
7.595e-01    1.751e-02    6.674e-03    3.224e+02    1.136e-02    2.645e+01    -1.521e-02
1.519e+00    9.638e-01    -1.994e-01    1.057e+03    -5.530e-02    9.617e+01    -4.087e+00
2.279e+00    1.174e+01    -2.618e+00    2.444e+03    5.980e+00    3.907e+02    9.286e+01
3.038e+00    5.010e+01    -1.359e+01    4.213e+03    4.027e+00    1.121e+03    3.907e+01
3.798e+00    -1.543e+01    -1.415e+01    7.437e+03    9.677e-02    2.584e+03    1.863e+02
4.557e+00    -9.205e+02    2.046e+02    9.430e+03    -3.787e+01    1.731e+03    5.920e+02
5.317e+00    -1.656e+03    1.200e+03    5.513e+03    -1.569e+02    -6.371e+02    7.663e+02
6.076e+00    -1.198e+03    2.236e+03    -3.172e+02    -2.936e+02    -9.316e+02    1.641e+02
6.836e+00    -1.120e+03    2.548e+03    -5.357e+02    -3.095e+02    -7.753e+02    4.237e+02
7.595e+00    -7.264e+02    2.791e+03    -4.247e+02    -3.185e+02    -2.368e+01    8.264e+02
8.355e+00    -6.327e+02    2.912e+03    7.350e+01    -3.155e+02    1.554e+02    9.106e+02
9.114e+00    -6.709e+02    3.138e+03    5.842e+02    -3.095e+02    1.073e+02    9.466e+02
9.874e+00    -6.882e+02    3.242e+03    7.992e+02    -2.861e+02    3.937e+01    9.586e+02
1.063e+01    -7.056e+02    3.380e+03    9.638e+02    -2.660e+02    6.100e+01    9.466e+02
1.139e+01    -7.888e+02    3.554e+03    9.638e+02    -2.518e+02    -1.923e+02    9.797e+02
1.215e+01    -7.853e+02    3.554e+03    1.253e+03    -2.248e+02    3.306e+01    9.647e+02
1.291e+01    -7.818e+02    3.554e+03    1.314e+03    -2.107e+02    9.046e+01    9.526e+02
1.367e+01    -8.529e+02    3.710e+03    1.448e+03    -2.107e+02    -2.741e+01    9.496e+02
1.443e+01    -9.396e+02    3.848e+03    1.501e+03    -2.158e+02    3.817e+01    9.586e+02
1.519e+01    -7.472e+02    3.554e+03    1.307e+03    -1.683e+02    9.166e+01    1.004e+03
180
7.595e-01    1.252e-02    1.441e-04    3.207e+02    1.782e-04    2.602e+01    8.565e-05
1.519e+00    1.026e+00    2.358e-03    1.051e+03    9.707e-04    9.556e+01    1.367e-03
2.279e+00    1.265e+01    1.125e-02    2.271e+03    1.241e-02    3.216e+02    4.959e-03
3.038e+00    5.235e+01    1.116e-01    4.213e+03    9.046e-02    1.178e+03    1.476e-01
3.798e+00    -3.276e+01    6.293e-01    7.541e+03    3.967e-01    2.723e+03    7.363e-01
4.557e+00    -9.725e+02    1.716e+00    9.378e+03    9.496e-01    1.758e+03    1.812e+00
5.317e+00    -1.555e+03    1.786e+00    4.854e+03    9.316e-01    -6.401e+02    1.662e+00
6.076e+00    -1.234e+03    7.038e-01    -1.656e+02    4.327e-01    -1.109e+03    6.221e-01
6.836e+00    -1.089e+03    4.733e-01    -6.362e+02    3.486e-01    -8.565e+02    5.680e-01
7.595e+00    -6.657e+02    1.044e-02    -4.819e+02    2.795e-01    6.070e+00    -1.397e-01
8.355e+00    -6.414e+02    -6.553e-01    5.305e+01    4.297e-01    1.097e+02    -2.596e-01
9.114e+00    -6.674e+02    -1.326e+00    1.300e+02    -2.581e-01    -6.070e+00    -3.336e+00
9.874e+00    -6.223e+02    4.091e+00    5.079e+02    -4.388e-01    -8.204e+00    -8.414e+00
1.063e+01    -6.761e+02    3.536e+00    6.397e+02    -4.177e-02    2.041e+00    -4.327e+00
1.139e+01    -7.420e+02    -7.090e-01    9.136e+02    4.778e-01    1.560e+01    3.907e-01
1.215e+01    -7.454e+02    9.933e-01    9.413e+02    4.448e-01    6.942e+01    -4.928e+00
1.291e+01    -8.425e+02    1.732e+00    1.068e+03    1.878e-01    -7.693e+01    -2.867e+00
1.367e+01    -5.981e+02    1.103e+01    5.547e+02    1.536e-01    -1.403e+02    -3.576e+01
1.443e+01    -1.194e+03    2.219e+02    -1.288e+03    -1.220e+01    -1.998e+03    -1.421e+02
1.519e+01    -6.778e+02    1.337e+01    1.163e+03    -7.062e-01    -2.083e+01    -2.191e+01
