13 20
0
7.595e-01    -3.120e+00    -9.049e-03    8.772e+02    5.980e-02    5.019e+02    5.590e-03
1.519e+00    -9.240e+00    -5.131e-02    3.467e+03    2.819e-01    2.305e+03    2.302e-02
2.279e+00    -7.940e-01    -7.853e-02    7.125e+03    5.499e-01    4.568e+03    1.127e-01
3.038e+00    0.000e+00    0.000e+00    0.000e+00    0.000e+00    0.000e+00    0.000e+00
3.798e+00    0.000e+00    0.000e+00    0.000e+00    0.000e+00    0.000e+00    0.000e+00
4.557e+00    0.000e+00    0.000e+00    0.000e+00    0.000e+00    0.000e+00    0.000e+00
5.317e+00    0.000e+00    0.000e+00    0.000e+00    0.000e+00    0.000e+00    0.000e+00
6.076e+00    0.000e+00    0.000e+00    0.000e+00    0.000e+00    0.000e+00    0.000e+00
6.836e+00    0.000e+00    0.000e+00    0.000e+00    0.000e+00    0.000e+00    0.000e+00
7.595e+00    0.000e+00    0.000e+00    0.000e+00    0.000e+00    0.000e+00    0.000e+00
8.355e+00    0.000e+00    0.000e+00    0.000e+00    0.000e+00    0.000e+00    0.000e+00
9.114e+00    0.000e+00    0.000e+00    0.000e+00    0.000e+00    0.000e+00    0.000e+00
9.874e+00    0.000e+00    0.000e+00    0.000e+00    0.000e+00    0.000e+00    0.000e+00
1.063e+01    0.000e+00    0.000e+00    0.000e+00    0.000e+00    0.000e+00    0.000e+00
1.139e+01    0.000e+00    0.000e+00    0.000e+00    0.000e+00    0.000e+00    0.000e+00
1.215e+01    0.000e+00    0.000e+00    0.000e+00    0.000e+00    0.000e+00    0.000e+00
1.291e+01    0.000e+00    0.000e+00    0.000e+00    0.000e+00    0.000e+00    0.000e+00
1.367e+01    0.000e+00    0.000e+00    0.000e+00    0.000e+00    0.000e+00    0.000e+00
1.443e+01    0.000e+00    0.000e+00    0.000e+00    0.000e+00    0.000e+00    0.000e+00
1.519e+01    0.000e+00    0.000e+00    0.000e+00    0.000e+00    0.000e+00    0.000e+00
15
7.595e-01    -2.600e+00    8.962e+00    8.962e+02    3.576e-01    5.019e+02    5.950e+00
1.519e+00    -8.373e+00    5.946e+01    3.536e+03    1.082e-01    2.353e+03    -1.716e+01
2.279e+00    2.704e+00    1.602e+02    7.212e+03    -5.560e+00    4.778e+03    -3.276e+02
3.038e+00    1.345e+00    2.028e+02    1.092e+04    -2.831e+01    6.100e+03    -1.728e+03
3.798e+00    0.000e+00    0.000e+00    0.000e+00    0.000e+00    0.000e+00    0.000e+00
4.557e+00    0.000e+00    0.000e+00    0.000e+00    0.000e+00    0.000e+00    0.000e+00
5.317e+00    0.000e+00    0.000e+00    0.000e+00    0.000e+00    0.000e+00    0.000e+00
6.076e+00    0.000e+00    0.000e+00    0.000e+00    0.000e+00    0.000e+00    0.000e+00
6.836e+00    0.000e+00    0.000e+00    0.000e+00    0.000e+00    0.000e+00    0.000e+00
7.595e+00    0.000e+00    0.000e+00    0.000e+00    0.000e+00    0.000e+00    0.000e+00
8.355e+00    0.000e+00    0.000e+00    0.000e+00    0.000e+00    0.000e+00    0.000e+00
9.114e+00    0.000e+00    0.000e+00    0.000e+00    0.000e+00    0.000e+00    0.000e+00
9.874e+00    0.000e+00    0.000e+00    0.000e+00    0.000e+00    0.000e+00    0.000e+00
1.063e+01    0.000e+00    0.000e+00    0.000e+00    0.000e+00    0.000e+00    0.000e+00
1.139e+01    0.000e+00    0.000e+00    0.000e+00    0.000e+00    0.000e+00    0.000e+00
1.215e+01    0.000e+00    0.000e+00    0.000e+00    0.000e+00    0.000e+00    0.000e+00
1.291e+01    0.000e+00    0.000e+00    0.000e+00    0.000e+00    0.000e+00    0.000e+00
1.367e+01    0.000e+00    0.000e+00    0.000e+00    0.000e+00    0.000e+00    0.000e+00
1.443e+01    0.000e+00    0.000e+00    0.000e+00    0.000e+00    0.000e+00    0.000e+00
1.519e+01    0.000e+00    0.000e+00    0.000e+00    0.000e+00    0.000e+00    0.000e+00
30
7.595e-01    -1.234e+00    1.734e+01    9.482e+02    6.912e-01    5.109e+02    1.433e+01
1.519e+00    -6.362e+00    1.213e+02    3.727e+03    -1.259e-01    2.488e+03    1.938e+00
2.279e+00    1.305e+01    3.554e+02    7.541e+03    -1.295e+01    5.349e+03    -4.027e+02
3.038e+00    1.642e+01    4.975e+02    9.968e+03    -3.546e+01    7.092e+03    -2.016e+03
3.798e+00    0.000e+00    0.000e+00    0.000e+00    0.000e+00    0.000e+00    0.000e+00
4.557e+00    0.000e+00    0.000e+00    0.000e+00    0.000e+00    0.000e+00    0.000e+00
5.317e+00    0.000e+00    0.000e+00    0.000e+00    0.000e+00    0.000e+00    0.000e+00
6.076e+00    0.000e+00    0.000e+00    0.000e+00    0.000e+00    0.000e+00    0.000e+00
6.836e+00    0.000e+00    0.000e+00    0.000e+00    0.000e+00    0.000e+00    0.000e+00
7.595e+00    0.000e+00    0.000e+00    0.000e+00    0.000e+00    0.000e+00    0.000e+00
8.355e+00    0.000e+00    0.000e+00    0.000e+00    0.000e+00    0.000e+00    0.000e+00
9.114e+00    0.000e+00    0.000e+00    0.000e+00    0.000e+00    0.000e+00    0.000e+00
9.874e+00    0.000e+00    0.000e+00    0.000e+00    0.000e+00    0.000e+00    0.000e+00
1.063e+01    0.000e+00    0.000e+00    0.000e+00    0.000e+00    0.000e+00    0.000e+00
1.139e+01    0.000e+00    0.000e+00    0.000e+00    0.000e+00    0.000e+00    0.000e+00
1.215e+01    0.000e+00    0.000e+00    0.000e+00    0.000e+00    0.000e+00    0.000e+00
1.291e+01    0.000e+00    0.000e+00    0.000e+00    0.000e+00    0.000e+00    0.000e+00
1.367e+01    0.000e+00    0.000e+00    0.000e+00    0.000e+00    0.000e+00    0.000e+00
1.443e+01    0.000e+00    0.000e+00    0.000e+00    0.000e+00    0.000e+00    0.000e+00
1.519e+01    0.000e+00    0.000e+00    0.000e+00    0.000e+00    0.000e+00    0.000e+00
45
7.595e-01    5.409e-01    2.462e+01    1.019e+03    1.058e+00    5.229e+02    2.624e+01
1.519e+00    -4.681e+00    1.872e+02    4.022e+03    -9.767e-01    2.711e+03    7.393e+01
2.279e+00    2.392e+01    5.981e+02    8.200e+03    -2.879e+01    6.191e+03    -1.292e+02
3.038e+00    8.321e+01    1.030e+03    1.083e+04    -7.663e+01    9.376e+03    -1.199e+03
3.798e+00    4.455e+01    1.028e+03    9.604e+03    -1.001e+02    1.034e+04    -3.937e+03
4.557e+00    0.000e+00    0.000e+00    0.000e+00    0.000e+00    0.000e+00    0.000e+00
5.317e+00    0.000e+00    0.000e+00    0.000e+00    0.000e+00    0.000e+00    0.000e+00
6.076e+00    0.000e+00    0.000e+00    0.000e+00    0.000e+00    0.000e+00    0.000e+00
6.836e+00    0.000e+00    0.000e+00    0.000e+00    0.000e+00    0.000e+00    0.000e+00
7.595e+00    0.000e+00    0.000e+00    0.000e+00    0.000e+00    0.000e+00    0.000e+00
8.355e+00    0.000e+00    0.000e+00    0.000e+00    0.000e+00    0.000e+00    0.000e+00
9.114e+00    0.000e+00    0.000e+00    0.000e+00    0.000e+00    0.000e+00    0.000e+00
9.874e+00    0.000e+00    0.000e+00    0.000e+00    0.000e+00    0.000e+00    0.000e+00
1.063e+01    0.000e+00    0.000e+00    0.000e+00    0.000e+00    0.000e+00    0.000e+00
1.139e+01    0.000e+00    0.000e+00    0.000e+00    0.000e+00    0.000e+00    0.000e+00
1.215e+01    0.000e+00    0.000e+00    0.000e+00    0.000e+00    0.000e+00    0.000e+00
1.291e+01    0.000e+00    0.000e+00    0.000e+00    0.000e+00    0.000e+00    0.000e+00
1.367e+01    0.000e+00    0.000e+00    0.000e+00    0.000e+00    0.000e+00    0.000e+00
1.443e+01    0.000e+00    0.000e+00    0.000e+00    0.000e+00    0.000e+00    0.000e+00
1.519e+01    0.000e+00    0.000e+00    0.000e+00    0.000e+00    0.000e+00    0.000e+00
60
7.595e-01    2.184e+00    3.016e+01    1.090e+03    1.421e+00    5.409e+02    4.087e+01
1.519e+00    -4.906e+00    2.514e+02    4.386e+03    -3.125e+00    2.975e+03    1.899e+02
2.279e+00    1.378e+01    7.922e+02    8.754e+03    -5.169e+01    6.732e+03    4.658e+02
3.038e+00    9.430e+01    1.418e+03    1.165e+04    -1.376e+02    1.028e+04    1.178e+03
3.798e+00    1.976e+02    1.838e+03    1.215e+04    -2.251e+02    1.331e+04    1.644e+03
4.557e+00    2.392e+02    1.786e+03    9.326e+03    -2.957e+02    1.479e+04    -3.756e+02
5.317e+00    1.558e+02    1.148e+03    3.571e+03    -2.789e+02    1.349e+04    -3.787e+03
6.076e+00    4.906e+01    3.571e+02    -2.756e+03    -1.527e+02    9.436e+03    -5.019e+03
6.836e+00    0.000e+00    0.000e+00    0.000e+00    0.000e+00    0.000e+00    0.000e+00
7.595e+00    0.000e+00    0.000e+00    0.000e+00    0.000e+00    0.000e+00    0.000e+00
8.355e+00    0.000e+00    0.000e+00    0.000e+00    0.000e+00    0.000e+00    0.000e+00
9.114e+00    0.000e+00    0.000e+00    0.000e+00    0.000e+00    0.000e+00    0.000e+00
9.874e+00    0.000e+00    0.000e+00    0.000e+00    0.000e+00    0.000e+00    0.000e+00
1.063e+01    0.000e+00    0.000e+00    0.000e+00    0.000e+00    0.000e+00    0.000e+00
1.139e+01    0.000e+00    0.000e+00    0.000e+00    0.000e+00    0.000e+00    0.000e+00
1.215e+01    0.000e+00    0.000e+00    0.000e+00    0.000e+00    0.000e+00    0.000e+00
1.291e+01    0.000e+00    0.000e+00    0.000e+00    0.000e+00    0.000e+00    0.000e+00
1.367e+01    0.000e+00    0.000e+00    0.000e+00    0.000e+00    0.000e+00    0.000e+00
1.443e+01    0.000e+00    0.000e+00    0.000e+00    0.000e+00    0.000e+00    0.000e+00
1.519e+01    0.000e+00    0.000e+00    0.000e+00    0.000e+00    0.000e+00    0.000e+00
75
7.595e-01    3.294e+00    3.398e+01    1.148e+03    1.713e+00    5.620e+02    5.590e+01
1.519e+00    -7.021e+00    2.982e+02    4.698e+03    -6.251e+00    3.216e+03    3.216e+02
2.279e+00    -2.635e+01    7.818e+02    8.720e+03    -5.019e+01    6.671e+03    1.470e+03
3.038e+00    2.982e+01    1.503e+03    2.098e+04    -6.281e+02    1.022e+04    -9.827e+03
3.798e+00    -5.062e+01    1.558e+03    1.007e+04    -4.898e+02    5.980e+03    -3.336e+03
4.557e+00    -7.281e+01    1.619e+03    7.524e+03    -5.139e+02    4.508e+03    -2.269e+03
5.317e+00    -2.947e+01    1.480e+03    5.131e+03    -4.658e+02    3.606e+03    -1.397e+03
6.076e+00    8.286e+01    1.135e+03    3.034e+03    -3.366e+02    3.456e+03    -6.461e+02
6.836e+00    2.219e+02    6.917e+02    1.461e+03    -1.683e+02    3.696e+03    -1.346e+02
7.595e+00    3.380e+02    3.086e+02    5.287e+02    -3.516e+01    3.696e+03    1.016e+02
8.355e+00    4.143e+02    6.934e+01    1.666e+02    6.191e+00    3.035e+03    1.049e+02
9.114e+00    4.525e+02    -5.409e+01    1.052e+02    -2.693e+01    1.872e+03    -1.175e+02
9.874e+00    4.507e+02    -1.257e+02    1.673e+02    -6.671e+01    9.767e+02    -5.680e+02
1.063e+01    4.126e+02    -1.768e+02    1.201e+03    -9.496e+01    1.247e+03    -9.346e+02
1.139e+01    3.242e+02    3.172e+02    4.056e+04    -7.633e+02    2.113e+04    5.379e+02
1.215e+01    4.958e+02    -3.536e+02    -2.080e+02    2.927e+02    1.773e+02    -9.226e+02
1.291e+01    5.825e+02    -2.254e+01    5.322e+02    1.232e+02    1.139e+03    -3.486e+02
1.367e+01    0.000e+00    0.000e+00    0.000e+00    0.000e+00    0.000e+00    0.000e+00
1.443e+01    0.000e+00    0.000e+00    0.000e+00    0.000e+00    0.000e+00    0.000e+00
1.519e+01    0.000e+00    0.000e+00    0.000e+00    0.000e+00    0.000e+00    0.000e+00
90
7.595e-01    3.658e+00    3.571e+01    1.179e+03    1.881e+00    5.830e+02    6.852e+01
1.519e+00    -7.870e+00    3.086e+02    4.889e+03    -8.865e+00    3.366e+03    4.267e+02
2.279e+00    9.240e+01    -9.829e+02    5.027e+05    2.527e+03    2.560e+05    5.680e+04
3.038e+00    -1.687e+02    6.813e+02    7.368e+03    -2.398e+02    4.538e+03    -7.753e+02
3.798e+00    -3.432e+02    7.472e+02    6.917e+03    -2.768e+02    3.516e+03    9.196e+01
4.557e+00    -3.918e+02    8.148e+02    8.026e+03    -2.921e+02    3.997e+03    9.196e+02
5.317e+00    -3.190e+02    8.165e+02    1.025e+04    -2.903e+02    6.010e+03    1.346e+03
6.076e+00    -2.566e+02    1.073e+03    1.418e+04    -3.336e+02    9.466e+03    9.556e+02
6.836e+00    5.322e+02    4.594e+03    2.358e+04    -7.212e+02    1.929e+04    -1.770e+03
7.595e+00    9.101e+02    1.396e+04    1.416e+04    -1.614e+03    1.527e+04    -3.937e+03
8.355e+00    2.635e+02    1.387e+04    6.223e+03    -1.439e+03    6.762e+03    -2.191e+03
9.114e+00    -9.448e+00    1.340e+04    4.507e+03    -1.256e+03    4.057e+03    -1.046e+03
9.874e+00    -1.323e+02    1.352e+04    4.473e+03    -1.142e+03    3.035e+03    -2.942e+02
1.063e+01    -1.959e+02    1.369e+04    4.525e+03    -1.085e+03    2.563e+03    1.941e+02
1.139e+01    -1.924e+02    1.382e+04    4.126e+03    -1.028e+03    2.221e+03    5.289e+02
1.215e+01    -2.288e+02    1.437e+04    4.715e+03    -8.805e+02    2.290e+03    7.453e+02
1.291e+01    -2.167e+02    1.432e+04    4.975e+03    -9.466e+02    2.278e+03    8.505e+02
1.367e+01    -2.011e+02    1.434e+04    5.027e+03    -9.226e+02    2.314e+03    9.016e+02
1.443e+01    -1.474e+02    1.422e+04    1.583e+03    -8.895e+02    8.985e+02    2.242e+02
1.519e+01    -1.890e+02    1.427e+04    5.235e+03    -8.535e+02    2.458e+03    7.874e+02
105
7.595e-01    3.346e+00    3.519e+01    1.184e+03    1.899e+00    6.040e+02    7.573e+01
1.519e+00    -2.236e+00    2.774e+02    4.906e+03    -9.166e+00    3.456e+03    4.838e+02
2.279e+00    -2.860e+01    3.658e+02    6.605e+03    -1.358e+02    4.568e+03    -7.303e+02
3.038e+00    -1.288e+02    1.994e+02    6.605e+03    -1.268e+02    3.756e+03    1.127e+02
3.798e+00    1.451e+01    -3.172e+02    1.057e+04    -7.843e+01    5.049e+03    6.792e+02
4.557e+00    5.322e+02    -1.238e+03    2.358e+04    -1.878e+01    1.142e+04    6.161e+02
5.317e+00    4.871e+02    1.994e+04    5.287e+04    -1.698e+03    3.576e+04    -3.847e+03
6.076e+00    -9.534e+02    1.786e+04    1.007e+04    -1.310e+03    7.633e+03    -3.095e+03
6.836e+00    -8.460e+02    1.427e+04    4.351e+03    -9.406e+02    3.216e+03    -1.283e+03
7.595e+00    -7.749e+02    1.500e+04    4.837e+03    -8.895e+02    1.734e+03    4.658e+02
8.355e+00    -7.732e+02    1.638e+04    4.629e+03    -8.865e+02    1.608e+03    1.298e+03
9.114e+00    -6.743e+02    1.734e+04    4.507e+03    -8.505e+02    1.836e+03    1.596e+03
9.874e+00    -6.969e+02    1.924e+04    4.681e+03    -8.865e+02    2.230e+03    1.193e+03
1.063e+01    -7.021e+02    1.890e+04    4.767e+03    -8.895e+02    2.239e+03    1.022e+03
1.139e+01    -7.610e+02    2.028e+04    5.079e+03    -8.234e+02    2.569e+03    9.917e+02
1.215e+01    -2.635e+03    1.942e+04    -4.715e+03    -8.775e+02    -5.710e+03    -1.142e+03
1.291e+01    -9.240e+02    1.994e+04    4.923e+03    -8.084e+02    2.203e+03    1.175e+03
1.367e+01    -9.812e+02    2.011e+04    4.698e+03    -7.663e+02    2.119e+03    8.895e+02
1.443e+01    -1.454e+03    1.976e+04    3.363e+03    -7.723e+02    9.677e+02    -1.959e+01
1.519e+01    -1.803e+03    2.115e+04    2.132e+03    -8.535e+02    -1.821e+02    2.464e+01
120
7.595e-01    2.566e+00    3.224e+01    1.163e+03    1.755e+00    6.191e+02    7.573e+01
1.519e+00    1.298e+01    2.184e+02    4.750e+03    -6.431e+00    3.456e+03    4.838e+02
2.279e+00    2.808e+01    1.399e+02    5.443e+03    -7.423e+01    3.877e+03    -1.307e+02
3.038e+00    1.451e+02    -2.184e+02    8.026e+03    -4.087e+01    3.967e+03    3.666e+02
3.798e+00    6.726e+02    -1.248e+03    2.150e+04    1.455e+01    8.445e+03    7.934e+02
4.557e+00    -3.242e+03    2.098e+04    6.449e+04    -1.364e+03    3.997e+04    -2.311e+03
5.317e+00    -2.444e+03    1.451e+04    5.703e+03    -8.234e+02    4.628e+03    -1.172e+03
6.076e+00    -1.468e+03    1.297e+04    2.496e+03    -7.032e+02    1.292e+03    1.367e+03
6.836e+00    -1.182e+03    1.505e+04    2.739e+03    -7.573e+02    1.653e+03    2.266e+03
7.595e+00    -1.702e+03    2.167e+04    -1.640e+04    -7.483e+02    -1.821e+03    7.182e+02
8.355e+00    -1.123e+03    1.692e+04    3.380e+03    -7.393e+02    2.383e+03    1.587e+03
9.114e+00    -5.617e+03    2.704e+04    -3.640e+04    -1.436e+03    -2.368e+04    -5.980e+03
9.874e+00    -1.376e+03    1.730e+04    3.796e+03    -6.671e+02    2.062e+03    1.857e+03
1.063e+01    -1.565e+03    1.786e+04    3.814e+03    -7.062e+02    1.731e+03    1.557e+03
1.139e+01    -1.704e+03    1.803e+04    3.207e+03    -6.641e+02    9.737e+02    1.127e+03
1.215e+01    -2.722e+03    1.768e+04    9.604e+02    -5.980e+02    -1.470e+03    1.887e+03
1.291e+01    -3.259e+03    1.702e+04    1.649e+01    -5.680e+02    -2.383e+03    1.253e+03
1.367e+01    -3.588e+03    1.685e+04    1.579e+03    -6.882e+02    -1.211e+03    1.064e+03
1.443e+01    -4.577e+03    1.664e+04    8.529e+02    -7.934e+02    -2.383e+03    -1.160e+02
1.519e+01    -6.275e+03    1.820e+04    -3.363e+03    -1.085e+03    -8.384e+03    -2.266e+03
135
7.595e-01    1.617e+00    2.687e+01    1.127e+03    1.470e+00    6.341e+02    6.702e+01
1.519e+00    3.536e+01    1.491e+02    4.507e+03    -1.482e+00    3.426e+03    4.418e+02
2.279e+00    1.066e+02    1.718e+01    4.941e+03    -3.877e+01    3.456e+03    2.431e+01
3.038e+00    4.802e+02    -5.131e+02    1.082e+04    4.327e+00    4.388e+03    4.207e+02
3.798e+00    -1.680e+02    1.714e+03    5.738e+04    -1.797e+02    2.353e+04    1.677e+03
4.557e+00    -4.386e+03    1.272e+04    1.011e+04    -6.611e+02    8.505e+03    -1.325e+03
5.317e+00    -1.872e+03    1.025e+04    6.102e+02    -5.289e+02    1.007e+03    1.473e+03
6.076e+00    -1.380e+03    1.219e+04    1.626e+03    -6.070e+02    1.647e+03    2.098e+03
6.836e+00    -1.307e+03    1.290e+04    2.167e+03    -6.070e+02    2.200e+03    1.644e+03
7.595e+00    -1.491e+03    1.347e+04    2.150e+03    -5.530e+02    1.707e+03    1.821e+03
8.355e+00    -1.394e+03    1.345e+04    2.132e+03    -5.019e+02    1.677e+03    2.470e+03
9.114e+00    -1.567e+03    1.371e+04    2.860e+03    -5.079e+02    1.668e+03    1.962e+03
9.874e+00    -1.907e+03    1.295e+04    1.522e+03    -5.019e+02    2.747e+02    1.265e+03
1.063e+01    -2.150e+03    1.331e+04    2.306e+03    -5.169e+02    4.508e+02    1.268e+03
1.139e+01    -2.687e+03    1.319e+04    1.486e+03    -5.109e+02    -7.423e+02    1.644e+03
1.215e+01    -3.744e+03    1.264e+04    3.623e+02    -5.620e+02    -2.275e+03    5.469e+02
1.291e+01    -4.715e+03    1.168e+04    -3.606e+02    -6.281e+02    -3.847e+03    1.232e+02
1.367e+01    -5.045e+03    1.135e+04    -1.907e+03    -6.461e+02    -7.603e+03    -6.972e+02
1.443e+01    -8.633e+03    6.327e+03    3.554e+02    -5.650e+02    -5.530e+03    5.289e+03
1.519e+01    -2.600e+04    1.609e+04    -1.101e+04    -4.147e+02    -2.633e+04    5.169e+03
150
7.595e-01    7.801e-01    1.924e+01    1.085e+03    1.070e+00    6.431e+02    5.019e+01
1.519e+00    5.859e+01    8.685e+01    4.230e+03    3.306e+00    3.336e+03    3.576e+02
2.279e+00    1.838e+02    -3.207e+01    4.802e+03    -1.755e+01    3.246e+03    6.221e+01
3.038e+00    6.379e+02    -5.183e+02    1.430e+04    9.857e+00    4.688e+03    4.057e+02
3.798e+00    -7.281e+03    9.673e+03    8.737e+04    -4.718e+02    4.538e+04    4.297e+02
4.557e+00    -2.999e+03    6.137e+03    -4.334e+03    -3.847e+02    2.025e+03    9.256e+01
5.317e+00    -1.628e+03    7.749e+03    4.317e+02    -4.027e+02    1.118e+03    1.569e+03
6.076e+00    -1.394e+03    8.512e+03    1.463e+03    -4.117e+02    1.977e+03    1.355e+03
6.836e+00    -1.480e+03    8.824e+03    1.375e+03    -3.787e+02    1.491e+03    1.391e+03
7.595e+00    -1.711e+03    9.725e+03    3.658e+01    -3.997e+02    6.281e+02    1.530e+03
8.355e+00    -2.184e+03    9.985e+03    -7.992e+02    -3.666e+02    -9.917e+02    1.659e+03
9.114e+00    -1.751e+03    8.737e+03    1.803e+03    -3.276e+02    7.964e+02    1.337e+03
9.874e+00    -2.063e+03    8.113e+03    1.493e+03    -3.246e+02    -1.271e+01    1.430e+03
1.063e+01    -2.739e+03    8.182e+03    5.998e+02    -3.185e+02    -1.361e+03    1.506e+03
1.139e+01    -3.380e+03    8.546e+03    3.432e+02    -3.606e+02    -2.509e+03    1.010e+03
1.215e+01    -5.547e+05    4.161e+04    -1.331e+06    -5.860e+03    -1.701e+06    -1.262e+04
1.291e+01    -3.016e+03    6.397e+03    3.831e+03    -3.997e+02    7.152e+01    -1.064e+03
1.367e+01    -2.115e+04    4.126e+03    -2.375e+04    -3.606e+02    -4.778e+04    6.341e+03
1.443e+01    -2.271e+03    -4.091e+02    7.125e+03    -3.426e+02    1.848e+03    -7.874e+02
1.519e+01    -9.517e+02    2.098e+03    5.565e+03    -3.336e+02    2.299e+02    -1.094e+03
165
7.595e-01    2.236e-01    1.011e+01    1.056e+03    5.920e-01    6.491e+02    2.681e+01
1.519e+00    7.541e+01    3.814e+01    4.022e+03    4.478e+00    3.276e+03    2.140e+02
2.279e+00    2.410e+02    -3.016e+01    4.819e+03    -6.221e+00    3.125e+03    4.448e+01
3.038e+00    6.241e+02    -2.930e+02    1.751e+04    2.840e+00    5.019e+03    2.684e+02
3.798e+00    -9.951e+03    6.050e+03    5.721e+04    -2.551e+02    3.426e+04    -4.117e+02
4.557e+00    -2.687e+03    3.432e+03    -3.068e+02    -1.692e+02    9.496e+02    4.838e+02
5.317e+00    -1.545e+03    4.056e+03    5.287e+02    -2.031e+02    1.391e+03    8.565e+02
6.076e+00    -1.529e+03    4.455e+03    1.226e+03    -2.068e+02    1.695e+03    6.852e+02
6.836e+00    -1.418e+03    4.282e+03    9.812e+02    -1.788e+02    1.223e+03    9.166e+02
7.595e+00    -1.389e+03    4.473e+03    1.621e+03    -1.767e+02    1.262e+03    9.466e+02
8.355e+00    -1.491e+03    4.542e+03    1.942e+03    -1.707e+02    1.217e+03    9.256e+02
9.114e+00    -1.626e+03    4.490e+03    1.149e+03    -1.659e+02    -1.235e+02    8.985e+02
9.874e+00    -2.514e+03    4.247e+03    -8.494e+02    -1.584e+02    -2.389e+03    5.319e+02
1.063e+01    -2.756e+03    4.213e+03    5.617e+01    -1.761e+02    -2.287e+03    5.980e+02
1.139e+01    -5.357e+03    4.247e+03    -4.438e+03    -1.959e+02    -7.723e+03    9.556e+02
1.215e+01    -8.026e+03    7.593e+02    -5.582e+03    9.166e+01    -1.148e+04    3.997e+03
1.291e+01    -2.046e+04    1.706e+04    6.553e+02    1.415e+03    -1.280e+04    -9.526e+03
1.367e+01    -8.668e+03    7.194e+03    4.802e+03    -3.877e+02    3.486e+02    -1.163e+03
1.443e+01    -1.132e+03    1.217e+03    4.004e+03    -1.887e+02    -1.521e+03    -7.994e+02
1.519e+01    1.418e+03    2.479e+03    5.651e+03    -9.316e+01    -1.001e+02    -3.396e+03
180
7.595e-01    2.930e-02    -1.461e-02    1.044e+03    7.693e-02    6.491e+02    2.581e-02
1.519e+00    8.148e+01    -1.382e-02    3.952e+03    2.702e-01    3.246e+03    3.125e-01
2.279e+00    2.618e+02    -6.466e-02    4.837e+03    8.595e-02    3.095e+03    8.835e-02
3.038e+00    5.894e+02    7.801e-01    1.907e+04    5.229e-01    5.199e+03    1.253e+00
3.798e+00    -9.795e+03    1.314e+01    4.542e+04    2.332e+00    2.840e+04    2.128e+00
4.557e+00    -2.635e+03    5.010e+00    -2.618e+03    -1.863e+00    -1.322e+02    5.049e+00
5.317e+00    -1.503e+03    -3.762e+00    6.691e+02    9.797e-01    1.509e+03    3.696e+00
6.076e+00    -1.545e+03    5.478e+00    1.099e+03    9.466e-01    1.533e+03    -7.663e-01
6.836e+00    -1.461e+03    3.190e+00    1.097e+03    1.515e+00    1.100e+03    -1.229e+00
7.595e+00    -1.803e+03    3.571e+01    -5.079e+02    1.539e+00    -5.980e+02    -2.449e+01
8.355e+00    -2.150e+03    2.167e+02    -3.363e+03    -7.603e+00    -4.297e+03    -3.246e+02
9.114e+00    -1.924e+03    -2.028e+01    9.066e+02    -2.485e+00    -3.636e+02    -1.337e+02
9.874e+00    -2.098e+03    -2.722e+01    8.182e+02    -1.169e-01    -1.118e+03    1.307e+00
1.063e+01    -2.999e+03    -1.422e+02    -4.611e+02    2.305e+01    -2.996e+03    3.907e+02
1.139e+01    -4.421e+03    -3.623e+02    -3.294e+03    4.117e+01    -7.753e+03    4.057e+02
1.215e+01    -4.750e+03    1.106e+03    1.786e+03    -2.134e+01    -2.266e+03    -1.839e+03
1.291e+01    -9.673e+03    -6.813e+03    1.408e+04    -2.218e+02    9.076e+03    2.581e+03
1.367e+01    -4.108e+03    -6.102e+01    3.450e+03    -3.366e+01    -1.920e+03    -1.196e+02
1.443e+01    3.606e+02    5.755e+02    4.819e+03    -1.470e+01    -5.710e+02    -8.414e+02
1.519e+01    2.548e+03    7.056e+02    5.547e+03    3.005e+01    -5.830e+02    -1.025e+03
