13 20
0
7.595e-01    -4.161e-01    -1.472e-03    4.750e+02    1.271e-02    1.304e+02    -7.303e-04
1.519e+00    1.208e+00    -1.023e-02    1.662e+03    6.100e-02    5.830e+02    -6.191e-03
2.279e+00    2.462e+01    -1.122e-02    3.519e+03    1.388e-01    1.409e+03    1.400e-02
3.038e+00    6.553e+01    -9.500e-03    5.183e+03    2.383e-01    2.618e+03    1.887e-01
3.798e+00    7.662e+01    -5.530e-02    5.981e+03    3.877e-01    4.117e+03    7.693e-01
4.557e+00    1.116e+02    -2.774e-01    5.391e+03    5.379e-01    5.379e+03    1.479e+00
5.317e+00    0.000e+00    0.000e+00    0.000e+00    0.000e+00    0.000e+00    0.000e+00
6.076e+00    0.000e+00    0.000e+00    0.000e+00    0.000e+00    0.000e+00    0.000e+00
6.836e+00    0.000e+00    0.000e+00    0.000e+00    0.000e+00    0.000e+00    0.000e+00
7.595e+00    0.000e+00    0.000e+00    0.000e+00    0.000e+00    0.000e+00    0.000e+00
8.355e+00    0.000e+00    0.000e+00    0.000e+00    0.000e+00    0.000e+00    0.000e+00
9.114e+00    0.000e+00    0.000e+00    0.000e+00    0.000e+00    0.000e+00    0.000e+00
9.874e+00    0.000e+00    0.000e+00    0.000e+00    0.000e+00    0.000e+00    0.000e+00
1.063e+01    0.000e+00    0.000e+00    0.000e+00    0.000e+00    0.000e+00    0.000e+00
1.139e+01    0.000e+00    0.000e+00    0.000e+00    0.000e+00    0.000e+00    0.000e+00
1.215e+01    0.000e+00    0.000e+00    0.000e+00    0.000e+00    0.000e+00    0.000e+00
1.291e+01    0.000e+00    0.000e+00    0.000e+00    0.000e+00    0.000e+00    0.000e+00
1.367e+01    0.000e+00    0.000e+00    0.000e+00    0.000e+00    0.000e+00    0.000e+00
1.443e+01    0.000e+00    0.000e+00    0.000e+00    0.000e+00    0.000e+00    0.000e+00
1.519e+01    0.000e+00    0.000e+00    0.000e+00    0.000e+00    0.000e+00    0.000e+00
15
7.595e-01    -3.883e-02    2.202e+00    4.871e+02    1.214e-01    1.319e+02    4.147e-01
1.519e+00    1.522e+00    1.350e+01    1.666e+03    -3.997e-01    5.950e+02    -2.921e+01
2.279e+00    2.479e+01    4.022e+01    3.450e+03    -4.478e+00    1.433e+03    -2.077e+02
3.038e+00    6.830e+01    6.587e+01    4.941e+03    -1.079e+01    2.651e+03    -6.611e+02
3.798e+00    7.974e+01    6.691e+01    5.461e+03    -1.346e+01    4.147e+03    -1.298e+03
4.557e+00    9.517e+01    1.019e+02    4.750e+03    -1.253e+01    5.349e+03    -1.590e+03
5.317e+00    0.000e+00    0.000e+00    0.000e+00    0.000e+00    0.000e+00    0.000e+00
6.076e+00    0.000e+00    0.000e+00    0.000e+00    0.000e+00    0.000e+00    0.000e+00
6.836e+00    0.000e+00    0.000e+00    0.000e+00    0.000e+00    0.000e+00    0.000e+00
7.595e+00    0.000e+00    0.000e+00    0.000e+00    0.000e+00    0.000e+00    0.000e+00
8.355e+00    0.000e+00    0.000e+00    0.000e+00    0.000e+00    0.000e+00    0.000e+00
9.114e+00    0.000e+00    0.000e+00    0.000e+00    0.000e+00    0.000e+00    0.000e+00
9.874e+00    0.000e+00    0.000e+00    0.000e+00    0.000e+00    0.000e+00    0.000e+00
1.063e+01    0.000e+00    0.000e+00    0.000e+00    0.000e+00    0.000e+00    0.000e+00
1.139e+01    0.000e+00    0.000e+00    0.000e+00    0.000e+00    0.000e+00    0.000e+00
1.215e+01    0.000e+00    0.000e+00    0.000e+00    0.000e+00    0.000e+00    0.000e+00
1.291e+01    0.000e+00    0.000e+00    0.000e+00    0.000e+00    0.000e+00    0.000e+00
1.367e+01    0.000e+00    0.000e+00    0.000e+00    0.000e+00    0.000e+00    0.000e+00
1.443e+01    0.000e+00    0.000e+00    0.000e+00    0.000e+00    0.000e+00    0.000e+00
1.519e+01    0.000e+00    0.000e+00    0.000e+00    0.000e+00    0.000e+00    0.000e+00
30
7.595e-01    9.673e-01    4.265e+00    5.218e+02    2.566e-01    1.364e+02    2.614e+00
1.519e+00    2.271e+00    2.618e+01    1.683e+03    -7.062e-01    6.221e+02    -3.787e+01
2.279e+00    2.444e+01    7.870e+01    3.328e+03    -9.106e+00    1.503e+03    -3.095e+02
3.038e+00    7.558e+01    1.337e+02    4.507e+03    -2.383e+01    2.750e+03    -1.025e+03
3.798e+00    1.021e+02    1.288e+02    4.507e+03    -3.005e+01    4.237e+03    -2.083e+03
4.557e+00    9.066e+01    9.604e+01    3.467e+03    -2.654e+01    5.379e+03    -2.690e+03
5.317e+00    1.295e+02    2.566e+02    1.838e+03    -1.406e+01    5.409e+03    -1.851e+03
6.076e+00    0.000e+00    0.000e+00    0.000e+00    0.000e+00    0.000e+00    0.000e+00
6.836e+00    0.000e+00    0.000e+00    0.000e+00    0.000e+00    0.000e+00    0.000e+00
7.595e+00    0.000e+00    0.000e+00    0.000e+00    0.000e+00    0.000e+00    0.000e+00
8.355e+00    0.000e+00    0.000e+00    0.000e+00    0.000e+00    0.000e+00    0.000e+00
9.114e+00    0.000e+00    0.000e+00    0.000e+00    0.000e+00    0.000e+00    0.000e+00
9.874e+00    0.000e+00    0.000e+00    0.000e+00    0.000e+00    0.000e+00    0.000e+00
1.063e+01    0.000e+00    0.000e+00    0.000e+00    0.000e+00    0.000e+00    0.000e+00
1.139e+01    0.000e+00    0.000e+00    0.000e+00    0.000e+00    0.000e+00    0.000e+00
1.215e+01    0.000e+00    0.000e+00    0.000e+00    0.000e+00    0.000e+00    0.000e+00
1.291e+01    0.000e+00    0.000e+00    0.000e+00    0.000e+00    0.000e+00    0.000e+00
1.367e+01    0.000e+00    0.000e+00    0.000e+00    0.000e+00    0.000e+00    0.000e+00
1.443e+01    0.000e+00    0.000e+00    0.000e+00    0.000e+00    0.000e+00    0.000e+00
1.519e+01    0.000e+00    0.000e+00    0.000e+00    0.000e+00    0.000e+00    0.000e+00
45
7.595e-01    2.271e+00    6.050e+00    5.686e+02    4.267e-01    1.433e+02    7.453e+00
1.519e+00    2.947e+00    3.727e+01    1.727e+03    -8.204e-01    6.611e+02    -1.668e+01
2.279e+00    2.115e+01    1.123e+02    3.294e+03    -1.415e+01    1.617e+03    -2.675e+02
3.038e+00    7.576e+01    2.046e+02    4.473e+03    -4.388e+01    3.035e+03    -1.019e+03
3.798e+00    1.347e+02    2.202e+02    4.733e+03    -6.401e+01    4.778e+03    -2.335e+03
4.557e+00    1.486e+02    1.042e+02    3.588e+03    -4.508e+01    5.830e+03    -3.396e+03
5.317e+00    1.506e+02    -2.271e+01    1.838e+03    -3.366e+01    5.710e+03    -3.216e+03
6.076e+00    2.046e+02    6.102e+01    6.518e+02    -3.787e+01    4.598e+03    -1.806e+03
6.836e+00    0.000e+00    0.000e+00    0.000e+00    0.000e+00    0.000e+00    0.000e+00
7.595e+00    0.000e+00    0.000e+00    0.000e+00    0.000e+00    0.000e+00    0.000e+00
8.355e+00    0.000e+00    0.000e+00    0.000e+00    0.000e+00    0.000e+00    0.000e+00
9.114e+00    0.000e+00    0.000e+00    0.000e+00    0.000e+00    0.000e+00    0.000e+00
9.874e+00    0.000e+00    0.000e+00    0.000e+00    0.000e+00    0.000e+00    0.000e+00
1.063e+01    0.000e+00    0.000e+00    0.000e+00    0.000e+00    0.000e+00    0.000e+00
1.139e+01    0.000e+00    0.000e+00    0.000e+00    0.000e+00    0.000e+00    0.000e+00
1.215e+01    0.000e+00    0.000e+00    0.000e+00    0.000e+00    0.000e+00    0.000e+00
1.291e+01    0.000e+00    0.000e+00    0.000e+00    0.000e+00    0.000e+00    0.000e+00
1.367e+01    0.000e+00    0.000e+00    0.000e+00    0.000e+00    0.000e+00    0.000e+00
1.443e+01    0.000e+00    0.000e+00    0.000e+00    0.000e+00    0.000e+00    0.000e+00
1.519e+01    0.000e+00    0.000e+00    0.000e+00    0.000e+00    0.000e+00    0.000e+00
60
7.595e-01    3.484e+00    7.385e+00    6.137e+02    6.161e-01    1.509e+02    1.451e+01
1.519e+00    3.155e+00    4.542e+01    1.803e+03    -8.384e-01    7.092e+02    2.834e+01
2.279e+00    1.165e+01    1.343e+02    3.502e+03    -1.977e+01    1.788e+03    -1.343e+02
3.038e+00    1.976e+01    1.976e+02    1.134e+04    -9.316e+01    7.513e+03    -1.379e+03
3.798e+00    2.323e+02    6.414e+02    1.907e+04    -6.401e+01    8.174e+03    6.221e+02
4.557e+00    2.652e+02    6.015e+02    1.096e+04    -1.220e+02    6.371e+03    -2.867e+02
5.317e+00    2.514e+02    3.502e+02    8.806e+03    -1.527e+02    6.882e+03    -5.710e+02
6.076e+00    2.063e+02    -1.714e+01    7.160e+03    -2.044e+02    7.092e+03    -6.010e+02
6.836e+00    2.080e+02    -2.496e+02    7.264e+03    -2.975e+02    7.663e+03    -5.710e+02
7.595e+00    2.808e+02    -2.791e+02    -1.467e+03    -1.761e+01    1.617e+03    -1.112e+03
8.355e+00    2.670e+02    -2.150e+02    -1.564e+03    -1.494e+01    1.656e+03    -1.130e+03
9.114e+00    2.878e+02    -1.838e+02    -4.871e+02    2.413e+01    1.938e+03    -1.193e+03
9.874e+00    3.519e+02    3.294e+01    1.146e+03    1.623e+01    2.678e+03    -6.882e+02
1.063e+01    0.000e+00    0.000e+00    0.000e+00    0.000e+00    0.000e+00    0.000e+00
1.139e+01    0.000e+00    0.000e+00    0.000e+00    0.000e+00    0.000e+00    0.000e+00
1.215e+01    0.000e+00    0.000e+00    0.000e+00    0.000e+00    0.000e+00    0.000e+00
1.291e+01    0.000e+00    0.000e+00    0.000e+00    0.000e+00    0.000e+00    0.000e+00
1.367e+01    0.000e+00    0.000e+00    0.000e+00    0.000e+00    0.000e+00    0.000e+00
1.443e+01    0.000e+00    0.000e+00    0.000e+00    0.000e+00    0.000e+00    0.000e+00
1.519e+01    0.000e+00    0.000e+00    0.000e+00    0.000e+00    0.000e+00    0.000e+00
75
7.595e-01    4.265e+00    8.165e+00    6.449e+02    7.843e-01    1.575e+02    2.230e+01
1.519e+00    2.878e+00    4.958e+01    1.907e+03    -8.204e-01    7.543e+02    8.084e+01
2.279e+00    -3.952e+00    1.300e+02    4.091e+03    -2.488e+01    2.179e+03    -7.182e+01
3.038e+00    2.115e+01    3.710e+02    7.246e+03    -6.671e+01    2.954e+03    6.251e+02
3.798e+00    7.090e+00    6.050e+02    6.830e+03    -1.427e+02    3.246e+03    3.877e+02
4.557e+00    1.942e+01    8.408e+02    6.206e+03    -1.917e+02    3.336e+03    4.147e+02
5.317e+00    1.111e+02    9.968e+02    5.235e+03    -1.860e+02    3.606e+03    5.289e+02
6.076e+00    2.687e+02    1.080e+03    4.195e+03    -1.355e+02    4.207e+03    5.199e+02
6.836e+00    4.074e+02    1.174e+03    3.155e+03    -8.985e+01    4.598e+03    2.614e+02
7.595e+00    4.767e+02    1.356e+03    2.167e+03    -1.190e+02    4.267e+03    -1.647e+02
8.355e+00    4.837e+02    1.550e+03    1.506e+03    -2.572e+02    3.065e+03    -5.379e+02
9.114e+00    4.265e+02    1.487e+03    1.293e+03    -4.327e+02    1.671e+03    -7.062e+02
9.874e+00    2.947e+02    9.656e+02    1.149e+03    -4.868e+02    1.154e+03    -7.843e+02
1.063e+01    1.820e+02    2.479e+02    6.206e+02    -3.155e+02    1.773e+03    -9.346e+02
1.139e+01    2.427e+02    -6.137e+01    3.710e+01    -6.311e+01    2.239e+03    -9.737e+02
1.215e+01    4.265e+02    1.734e+02    1.976e+02    -4.658e+00    1.551e+03    -6.822e+02
1.291e+01    4.819e+02    2.999e+02    9.274e+02    -1.190e+02    9.526e+02    -4.027e+02
1.367e+01    3.970e+02    2.375e+01    1.368e+03    -1.049e+02    1.533e+03    -4.989e+02
1.443e+01    3.848e+02    -1.038e+02    1.444e+03    1.821e+01    1.863e+03    -5.379e+02
1.519e+01    4.282e+02    -3.866e+01    1.252e+03    3.185e+01    1.334e+03    -3.125e+02
90
7.595e-01    4.455e+00    8.338e+00    6.553e+02    9.016e-01    1.614e+02    2.894e+01
1.519e+00    2.774e+00    4.871e+01    2.011e+03    -7.663e-01    7.934e+02    1.223e+02
2.279e+00    1.671e+02    -4.213e+02    3.762e+05    -2.320e+01    1.872e+05    -8.775e+03
3.038e+00    -5.374e+01    2.340e+02    6.275e+03    -7.633e+01    2.888e+03    7.303e+02
3.798e+00    -1.675e+02    3.467e+02    7.177e+03    -1.334e+02    3.456e+03    9.286e+02
4.557e+00    -2.132e+02    4.490e+02    8.546e+03    -1.602e+02    4.508e+03    1.292e+03
5.317e+00    -1.820e+02    6.813e+02    1.071e+04    -1.875e+02    6.792e+03    1.473e+03
6.076e+00    -1.567e+02    1.855e+03    1.397e+04    -3.336e+02    1.091e+04    7.182e+02
6.836e+00    3.276e+02    7.385e+03    1.683e+04    -9.466e+02    1.629e+04    -2.080e+03
7.595e+00    2.756e+02    1.319e+04    8.460e+03    -1.491e+03    9.887e+03    -2.648e+03
8.355e+00    -2.184e+01    1.330e+04    4.906e+03    -1.364e+03    5.109e+03    -1.557e+03
9.114e+00    -1.503e+02    1.321e+04    4.108e+03    -1.229e+03    3.396e+03    -7.273e+02
9.874e+00    -2.098e+02    1.349e+04    4.317e+03    -1.133e+03    2.711e+03    -1.049e+02
1.063e+01    -2.427e+02    1.368e+04    4.455e+03    -1.082e+03    2.386e+03    3.155e+02
1.139e+01    -2.254e+02    1.382e+04    4.126e+03    -1.028e+03    2.125e+03    6.070e+02
1.215e+01    -2.462e+02    1.435e+04    4.698e+03    -8.775e+02    2.233e+03    7.964e+02
1.291e+01    -2.271e+02    1.430e+04    4.958e+03    -9.436e+02    2.245e+03    8.805e+02
1.367e+01    -2.080e+02    1.430e+04    5.010e+03    -9.196e+02    2.299e+03    9.226e+02
1.443e+01    -1.510e+02    1.420e+04    1.610e+03    -8.865e+02    9.076e+02    2.413e+02
1.519e+01    -1.907e+02    1.425e+04    5.235e+03    -8.535e+02    2.455e+03    7.934e+02
105
7.595e-01    4.039e+00    7.922e+00    6.414e+02    9.406e-01    1.620e+02    3.276e+01
1.519e+00    3.970e+00    4.334e+01    2.080e+03    -6.251e-01    8.234e+02    1.403e+02
2.279e+00    8.096e+00    8.980e+01    4.906e+03    -2.233e+01    2.125e+03    8.084e+02
3.038e+00    -2.722e+01    1.553e+01    6.431e+03    -5.229e+01    3.246e+03    7.062e+02
3.798e+00    2.860e+01    -2.791e+02    9.344e+03    -3.877e+01    4.478e+03    8.174e+02
4.557e+00    2.756e+02    -8.113e+02    1.649e+04    9.677e-01    7.603e+03    7.393e+02
5.317e+00    4.299e+02    6.674e+03    3.727e+04    -6.581e+02    2.059e+04    -3.366e+02
6.076e+00    -1.070e+03    1.838e+04    1.428e+04    -1.473e+03    1.037e+04    -2.897e+03
6.836e+00    -1.000e+03    1.526e+04    5.929e+03    -1.094e+03    3.065e+03    -1.458e+03
7.595e+00    -8.477e+02    1.425e+04    4.767e+03    -9.586e+02    1.337e+03    9.917e+01
8.355e+00    -8.252e+02    1.545e+04    4.490e+03    -9.346e+02    1.064e+03    1.256e+03
9.114e+00    -7.593e+02    1.669e+04    4.473e+03    -9.406e+02    1.340e+03    1.689e+03
9.874e+00    -7.264e+02    1.728e+04    4.681e+03    -8.024e+02    1.935e+03    1.590e+03
1.063e+01    -6.414e+02    1.803e+04    4.663e+03    -8.865e+02    2.089e+03    1.406e+03
1.139e+01    -5.634e+02    1.786e+04    5.218e+03    -8.505e+02    2.596e+03    1.358e+03
1.215e+01    -6.657e+02    1.838e+04    5.166e+03    -8.324e+02    2.347e+03    1.310e+03
1.291e+01    -7.212e+04    2.930e+04    -4.161e+05    -1.506e+03    -3.726e+05    2.449e+03
1.367e+01    -8.182e+02    1.872e+04    5.253e+03    -8.204e+02    2.302e+03    1.421e+03
1.443e+01    -1.820e+03    2.011e+04    -2.652e+03    -9.166e+02    -4.658e+03    -1.593e+02
1.519e+01    -9.188e+02    1.976e+04    5.097e+03    -8.084e+02    2.263e+03    6.611e+02
120
7.595e-01    3.207e+00    6.986e+00    6.067e+02    8.865e-01    1.590e+02    3.276e+01
1.519e+00    7.316e+00    3.432e+01    2.098e+03    -3.907e-01    8.505e+02    1.316e+02
2.279e+00    4.369e+01    1.728e+01    4.525e+03    -1.596e+01    2.242e+03    5.770e+02
3.038e+00    1.316e+02    -1.994e+02    7.021e+03    -1.578e+01    3.576e+03    5.169e+02
3.798e+00    4.126e+02    -8.009e+02    1.385e+04    1.857e+01    4.898e+03    5.469e+02
4.557e+00    -5.859e+02    3.987e+03    4.213e+04    -3.636e+02    1.551e+04    1.494e+03
5.317e+00    -3.380e+03    1.597e+04    1.193e+04    -9.136e+02    7.543e+03    -1.271e+03
6.076e+00    -1.872e+03    1.257e+04    2.184e+03    -7.242e+02    4.658e+02    1.001e+03
6.836e+00    -1.253e+03    1.401e+04    2.167e+03    -8.024e+02    8.895e+02    2.290e+03
7.595e+00    -1.019e+03    1.579e+04    3.034e+03    -8.625e+02    1.851e+03    2.137e+03
8.355e+00    -9.795e+02    1.583e+04    3.554e+03    -8.024e+02    2.224e+03    1.686e+03
9.114e+00    -1.057e+03    1.699e+04    3.571e+03    -7.693e+02    1.953e+03    1.884e+03
9.874e+00    -1.238e+03    1.695e+04    3.536e+03    -7.092e+02    1.752e+03    2.290e+03
1.063e+01    -6.501e+03    2.046e+04    -2.791e+04    -7.603e+02    -2.684e+04    3.937e+03
1.139e+01    -1.260e+03    1.855e+04    4.334e+03    -7.152e+02    2.059e+03    1.761e+03
1.215e+01    -1.493e+03    1.820e+04    4.108e+03    -7.122e+02    1.623e+03    1.863e+03
1.291e+01    -1.662e+03    1.768e+04    3.294e+03    -6.641e+02    8.324e+02    1.262e+03
1.367e+01    -2.375e+03    1.706e+04    1.924e+03    -7.002e+02    -7.813e+02    7.843e+02
1.443e+01    -2.444e+03    1.872e+04    1.191e+03    -6.461e+02    -1.277e+03    1.055e+03
1.519e+01    -2.704e+03    1.716e+04    2.444e+03    -7.002e+02    -6.581e+02    1.680e+03
135
7.595e-01    2.167e+00    5.617e+00    5.599e+02    7.543e-01    1.539e+02    2.894e+01
1.519e+00    1.271e+01    2.392e+01    2.063e+03    -1.253e-01    8.685e+02    1.025e+02
2.279e+00    1.005e+02    -3.103e+01    4.386e+03    -8.595e+00    2.404e+03    4.027e+02
3.038e+00    3.328e+02    -3.120e+02    8.113e+03    6.551e+00    3.606e+03    3.306e+02
3.798e+00    1.610e+02    -4.490e+02    2.184e+04    -4.297e+01    4.598e+03    7.513e+02
4.557e+00    -6.050e+03    1.326e+04    3.311e+04    -5.680e+02    1.590e+04    4.057e+02
5.317e+00    -2.860e+03    1.051e+04    8.078e+02    -5.289e+02    3.636e+02    1.151e+03
6.076e+00    -1.293e+03    1.120e+04    -4.993e+02    -6.491e+02    9.406e+02    2.095e+03
6.836e+00    -1.262e+03    1.222e+04    1.664e+03    -6.641e+02    1.818e+03    1.833e+03
7.595e+00    -1.291e+03    1.271e+04    2.046e+03    -6.131e+02    1.584e+03    2.019e+03
8.355e+00    -1.448e+03    1.158e+04    -2.982e+03    -4.448e+02    -1.788e+03    2.804e+03
9.114e+00    -1.265e+03    1.343e+04    2.878e+03    -5.650e+02    1.629e+03    2.266e+03
9.874e+00    -6.917e+04    4.854e+04    -4.750e+05    -2.221e+03    -3.666e+05    -3.606e+04
1.063e+01    -1.546e+03    1.345e+04    3.172e+03    -5.349e+02    1.310e+03    1.848e+03
1.139e+01    -1.647e+03    1.418e+04    2.878e+03    -5.289e+02    7.152e+02    2.188e+03
1.215e+01    -1.976e+03    1.317e+04    2.219e+03    -5.259e+02    -4.327e+01    1.214e+03
1.291e+01    -2.219e+03    1.354e+04    2.046e+03    -4.959e+02    -3.125e+02    8.745e+02
1.367e+01    -3.016e+03    1.337e+04    1.293e+03    -5.169e+02    -1.542e+03    7.723e+02
1.443e+01    -3.727e+03    1.288e+04    1.246e+03    -6.191e+02    -2.131e+03    -2.323e+02
1.519e+01    -8.148e+03    1.458e+04    -1.226e+04    -8.414e+02    -1.869e+04    1.809e+02
150
7.595e-01    1.226e+00    3.918e+00    5.131e+02    5.469e-01    1.482e+02    2.146e+01
1.519e+00    1.872e+01    1.425e+01    2.011e+03    6.311e-02    8.775e+02    6.491e+01
2.279e+00    1.583e+02    -4.594e+01    4.282e+03    -3.216e+00    2.506e+03    2.470e+02
3.038e+00    4.386e+02    -2.843e+02    9.396e+03    8.685e+00    3.336e+03    2.191e+02
3.798e+00    -1.253e+03    6.882e+02    3.398e+04    -1.154e+02    5.560e+03    1.181e+03
4.557e+00    -5.634e+03    8.130e+03    8.841e+03    -2.918e+02    4.748e+03    2.804e+02
5.317e+00    -1.907e+03    7.056e+03    -6.449e+02    -3.967e+02    8.895e+01    1.581e+03
6.076e+00    -1.425e+03    7.645e+03    7.316e+02    -4.057e+02    1.536e+03    1.500e+03
6.836e+00    -1.415e+03    9.014e+03    -1.207e+03    -4.478e+02    3.306e+02    1.397e+03
7.595e+00    -1.397e+03    8.720e+03    1.038e+03    -3.726e+02    9.857e+02    1.806e+03
8.355e+00    -1.340e+03    9.118e+03    1.907e+03    -3.787e+02    1.283e+03    1.893e+03
9.114e+00    -1.890e+03    9.864e+03    9.500e+02    -4.237e+02    -2.449e+02    6.131e+02
9.874e+00    -2.999e+04    2.358e+04    -1.661e+05    -7.212e+01    -1.485e+05    -1.503e+04
1.063e+01    -2.098e+03    8.754e+03    -3.502e+03    -3.216e+02    -5.049e+03    1.373e+03
1.139e+01    -2.219e+03    8.356e+03    8.546e+02    -3.366e+02    -9.076e+02    8.084e+02
1.215e+01    -2.340e+03    9.534e+03    1.394e+03    -3.726e+02    -1.100e+03    1.319e+03
1.291e+01    -3.224e+03    8.824e+03    1.331e+02    -3.787e+02    -2.744e+03    1.067e+03
1.367e+01    -5.946e+03    7.697e+03    -4.698e+03    -3.516e+02    -8.565e+03    9.166e+02
1.443e+01    -2.340e+04    -1.477e+03    -2.687e+04    -1.334e+03    -3.636e+04    1.803e+04
1.519e+01    -2.375e+04    -2.791e+03    -1.890e+04    -5.710e+02    -3.276e+04    -3.155e+03
165
7.595e-01    5.651e-01    2.011e+00    4.785e+02    2.936e-01    1.436e+02    1.139e+01
1.519e+00    2.358e+01    6.414e+00    1.959e+03    1.175e-01    8.835e+02    2.951e+01
2.279e+00    1.994e+02    -3.138e+01    4.213e+03    -6.521e-01    2.551e+03    1.157e+02
3.038e+00    4.334e+02    -1.581e+02    1.044e+04    3.576e+00    2.963e+03    1.232e+02
3.798e+00    -3.259e+03    1.118e+03    4.403e+04    -8.535e+01    8.174e+03    9.166e+02
4.557e+00    -4.629e+03    3.744e+03    2.254e+03    -1.455e+02    1.163e+03    3.847e+02
5.317e+00    -1.751e+03    3.779e+03    -3.034e+02    -2.233e+02    6.401e+02    8.715e+02
6.076e+00    -1.508e+03    4.282e+03    1.037e+03    -2.356e+02    1.442e+03    7.242e+02
6.836e+00    -1.453e+03    4.421e+03    7.940e+02    -2.074e+02    9.947e+02    9.647e+02
7.595e+00    -1.337e+03    4.559e+03    1.328e+03    -1.932e+02    1.031e+03    1.010e+03
8.355e+00    -2.704e+03    4.611e+03    -5.547e+03    -2.031e+02    -5.139e+03    8.565e+02
9.114e+00    -1.562e+03    4.767e+03    1.699e+03    -1.914e+02    4.838e+02    8.955e+02
9.874e+00    -1.623e+03    4.819e+03    1.907e+03    -1.758e+02    4.508e+02    9.136e+02
1.063e+01    -1.734e+03    4.819e+03    1.338e+03    -1.776e+02    -5.049e+02    8.204e+02
1.139e+01    -2.011e+03    4.507e+03    1.196e+03    -1.818e+02    -7.813e+02    5.049e+02
1.215e+01    -2.912e+03    4.438e+03    -2.323e+01    -1.815e+02    -2.587e+03    7.753e+02
1.291e+01    -3.866e+03    4.594e+03    -1.529e+03    -1.806e+02    -4.898e+03    7.092e+02
1.367e+01    -2.254e+03    3.606e+03    2.115e+03    -1.854e+02    -1.689e+03    7.994e+01
1.443e+01    -3.086e+03    3.016e+03    2.132e+03    -2.004e+02    -2.146e+03    -1.509e+03
1.519e+01    -4.265e+03    2.427e+03    3.536e+03    -1.962e+02    -2.095e+03    2.642e+02
180
7.595e-01    3.294e-01    -5.253e-04    4.663e+02    1.445e-02    1.421e+02    4.327e-03
1.519e+00    2.548e+01    -1.855e-03    1.924e+03    6.732e-02    8.835e+02    3.787e-02
2.279e+00    2.132e+02    -4.681e-02    4.178e+03    7.573e-02    2.563e+03    2.506e-02
3.038e+00    4.126e+02    3.623e-01    1.083e+04    2.834e-01    2.804e+03    6.822e-01
3.798e+00    -4.178e+03    8.338e+00    4.715e+04    2.876e+00    9.466e+03    8.114e+00
4.557e+00    -4.282e+03    2.098e+00    9.829e+02    5.439e-01    4.748e+02    1.163e+00
5.317e+00    -1.607e+03    7.766e+00    -2.808e+02    -2.786e-01    6.942e+02    2.016e+00
6.076e+00    -1.468e+03    -2.063e-01    6.813e+02    1.313e+00    1.421e+03    -3.306e+00
6.836e+00    -1.302e+03    2.323e+00    4.334e+02    1.253e+00    7.513e+02    -3.606e+00
7.595e+00    -1.605e+03    2.271e+02    -3.623e+03    -1.521e+01    -1.983e+03    -1.956e+02
8.355e+00    -2.028e+03    5.183e+02    -1.423e+03    -3.306e+01    -1.929e+03    -4.418e+02
9.114e+00    -1.468e+03    7.680e+01    1.390e+03    -1.202e-01    2.930e+02    -8.685e+01
9.874e+00    -1.924e+03    5.825e+01    2.080e+02    -2.560e+00    -1.244e+03    -1.166e+02
1.063e+01    -2.063e+03    -7.004e+01    6.587e+02    3.847e-01    -8.655e+02    -1.614e+02
1.139e+01    -2.046e+03    -5.981e+01    8.633e+02    4.928e-01    -1.178e+03    -4.267e+01
1.215e+01    -2.826e+03    -6.189e+01    5.062e+01    4.237e+00    -2.669e+03    1.040e+02
1.291e+01    -4.837e+03    -1.522e+02    -3.623e+03    7.753e+00    -7.333e+03    -1.833e+02
1.367e+01    -5.773e+03    1.146e+03    2.756e+01    -5.920e+01    -4.538e+03    4.748e+02
1.443e+01    -8.980e+03    2.670e+02    -2.046e+03    5.650e+00    -7.843e+03    -1.833e+03
1.519e+01    -4.490e+03    -8.286e+02    4.698e+03    -8.895e+01    1.334e+02    4.959e+02
