13 20
0
7.595e-01    1.449e-02    -4.213e-04    3.484e+02    1.442e-03    3.817e+01    -6.702e-04
1.519e+00    1.907e+00    -4.785e-04    1.122e+03    7.453e-03    1.557e+02    -4.147e-03
2.279e+00    2.063e+01    1.349e-02    2.323e+03    2.548e-02    4.808e+02    -6.251e-03
3.038e+00    7.385e+01    8.338e-02    3.467e+03    3.756e-01    1.379e+03    4.388e+00
3.798e+00    1.189e+02    1.676e-01    4.195e+03    2.542e-01    3.065e+03    4.538e-01
4.557e+00    8.789e+01    1.035e-01    3.935e+03    3.877e-01    4.147e+03    5.379e-01
5.317e+00    6.466e+01    -1.720e-01    2.098e+03    2.807e-01    2.987e+03    3.907e-01
6.076e+00    1.094e+02    -2.756e-01    7.350e+02    9.737e-02    1.896e+03    5.590e-01
6.836e+00    1.347e+02    -4.767e-01    1.576e+03    1.025e-01    2.431e+03    7.242e-01
7.595e+00    1.723e+02    -6.813e-01    1.682e+03    4.207e-02    2.236e+03    9.106e-01
8.355e+00    2.046e+02    -9.673e-01    1.994e+03    -5.530e-02    2.353e+03    1.262e+00
9.114e+00    2.392e+02    -1.298e+00    2.132e+03    -1.587e-01    2.338e+03    1.692e+00
9.874e+00    2.704e+02    -1.699e+00    2.375e+03    -3.125e-01    2.476e+03    2.092e+00
1.063e+01    3.016e+02    -2.132e+00    2.531e+03    -4.898e-01    2.581e+03    2.669e+00
1.139e+01    3.346e+02    -2.600e+00    2.635e+03    -7.032e-01    2.678e+03    3.336e+00
1.215e+01    0.000e+00    0.000e+00    0.000e+00    0.000e+00    0.000e+00    0.000e+00
1.291e+01    0.000e+00    0.000e+00    0.000e+00    0.000e+00    0.000e+00    0.000e+00
1.367e+01    0.000e+00    0.000e+00    0.000e+00    0.000e+00    0.000e+00    0.000e+00
1.443e+01    0.000e+00    0.000e+00    0.000e+00    0.000e+00    0.000e+00    0.000e+00
1.519e+01    0.000e+00    0.000e+00    0.000e+00    0.000e+00    0.000e+00    0.000e+00
15
7.595e-01    9.812e-02    2.254e-01    3.502e+02    -2.590e-03    3.967e+01    -1.719e+00
1.519e+00    1.820e+00    1.281e+00    1.115e+03    -2.542e-01    1.575e+02    -1.566e+01
2.279e+00    1.942e+01    6.189e+00    2.306e+03    -1.485e+00    4.838e+02    -9.617e+01
3.038e+00    8.997e+01    6.137e+01    1.539e+04    -2.864e+01    6.762e+03    1.617e+03
3.798e+00    1.212e+02    3.068e+01    4.351e+03    -2.416e+01    3.002e+03    -1.439e+02
4.557e+00    9.396e+01    -8.165e-01    3.866e+03    -3.756e+01    4.087e+03    -5.590e+02
5.317e+00    6.431e+01    -2.722e+01    1.959e+03    -2.464e+01    3.065e+03    -6.070e+02
6.076e+00    1.097e+02    -1.536e+01    5.807e+02    7.242e+00    1.935e+03    -2.434e+02
6.836e+00    1.352e+02    -3.987e+01    1.406e+03    -1.400e+01    2.368e+03    -2.948e+02
7.595e+00    1.699e+02    -5.079e+01    1.553e+03    -1.325e+01    2.227e+03    -2.936e+02
8.355e+00    2.011e+02    -4.681e+01    1.768e+03    -1.665e+00    2.239e+03    -2.675e+02
9.114e+00    2.323e+02    -4.698e+01    2.011e+03    -2.056e+00    2.278e+03    -1.890e+02
9.874e+00    7.108e+02    4.421e+02    5.478e+05    -1.238e+02    2.590e+05    1.022e+02
1.063e+01    2.930e+02    -5.582e+01    2.410e+03    7.363e-01    2.473e+03    -1.644e+02
1.139e+01    3.224e+02    -5.131e+01    2.531e+03    8.144e-01    2.569e+03    -1.250e+02
1.215e+01    0.000e+00    0.000e+00    0.000e+00    0.000e+00    0.000e+00    0.000e+00
1.291e+01    0.000e+00    0.000e+00    0.000e+00    0.000e+00    0.000e+00    0.000e+00
1.367e+01    0.000e+00    0.000e+00    0.000e+00    0.000e+00    0.000e+00    0.000e+00
1.443e+01    0.000e+00    0.000e+00    0.000e+00    0.000e+00    0.000e+00    0.000e+00
1.519e+01    0.000e+00    0.000e+00    0.000e+00    0.000e+00    0.000e+00    0.000e+00
30
7.595e-01    3.242e-01    4.265e-01    3.571e+02    1.031e-02    4.418e+01    -2.362e+00
1.519e+00    1.557e+00    2.323e+00    1.099e+03    -4.538e-01    1.626e+02    -2.452e+01
2.279e+00    1.607e+01    1.123e+01    2.288e+03    -3.486e+00    4.989e+02    -1.746e+02
3.038e+00    7.714e+01    6.327e+01    7.368e+03    -7.483e+00    2.831e+03    8.054e+02
3.798e+00    1.253e+02    6.986e+01    4.611e+03    -2.918e+01    2.726e+03    -1.938e+02
4.557e+00    1.144e+02    2.427e+01    3.883e+03    -5.680e+01    3.787e+03    -8.595e+02
5.317e+00    6.969e+01    -4.022e+01    1.716e+03    -6.491e+01    3.216e+03    -1.187e+03
6.076e+00    1.070e+02    -2.722e+01    8.772e+00    -1.668e+01    2.089e+03    -7.062e+02
6.836e+00    1.461e+02    -3.987e+01    7.142e+02    6.702e+00    2.206e+03    -4.658e+02
7.595e+00    1.626e+02    -1.033e+02    1.229e+03    -2.660e+01    2.206e+03    -6.281e+02
8.355e+00    1.976e+02    -8.477e+01    1.130e+03    3.907e+00    1.956e+03    -4.478e+02
9.114e+00    2.184e+02    -1.028e+02    1.649e+03    -4.628e+00    2.119e+03    -4.538e+02
9.874e+00    2.444e+02    -9.032e+01    1.820e+03    2.645e+00    2.092e+03    -3.306e+02
1.063e+01    2.704e+02    -1.021e+02    2.063e+03    -1.262e+00    2.206e+03    -2.900e+02
1.139e+01    2.895e+02    -9.257e+01    2.774e+03    -6.281e+00    2.494e+03    -2.557e+02
1.215e+01    3.155e+02    -9.829e+01    2.323e+03    2.584e+00    2.380e+03    -2.149e+02
1.291e+01    3.363e+02    -9.621e+01    2.410e+03    2.735e+00    2.494e+03    -1.758e+02
1.367e+01    0.000e+00    0.000e+00    0.000e+00    0.000e+00    0.000e+00    0.000e+00
1.443e+01    0.000e+00    0.000e+00    0.000e+00    0.000e+00    0.000e+00    0.000e+00
1.519e+01    0.000e+00    0.000e+00    0.000e+00    0.000e+00    0.000e+00    0.000e+00
45
7.595e-01    6.310e-01    5.894e-01    3.675e+02    4.718e-02    5.019e+01    -1.388e+00
1.519e+00    1.186e+00    2.947e+00    1.090e+03    -5.439e-01    1.704e+02    -2.344e+01
2.279e+00    1.071e+01    1.401e+01    2.358e+03    -6.431e+00    5.530e+02    -2.386e+02
3.038e+00    6.223e+01    7.246e+01    5.218e+03    2.272e+00    1.632e+03    5.259e+02
3.798e+00    1.215e+02    1.220e+02    4.854e+03    -1.875e+01    2.221e+03    -5.800e+01
4.557e+00    1.494e+02    1.115e+02    4.386e+03    -4.327e+01    3.276e+03    -6.671e+02
5.317e+00    1.122e+02    4.767e+01    2.288e+03    -8.565e+01    3.276e+03    -1.265e+03
6.076e+00    1.075e+02    9.985e+01    -2.791e+02    -1.328e+02    2.458e+03    -1.292e+03
6.836e+00    1.675e+02    1.649e+02    -6.085e+02    -8.625e+01    2.458e+03    -8.565e+02
7.595e+00    1.872e+02    -1.652e+01    7.506e+02    5.590e+00    2.545e+03    -8.775e+02
8.355e+00    2.063e+02    -1.239e+02    8.165e+02    -2.461e+01    2.010e+03    -8.715e+02
9.114e+00    2.288e+02    -8.546e+01    8.200e+02    6.852e-01    1.941e+03    -5.950e+02
9.874e+00    2.375e+02    -1.399e+02    1.392e+03    1.581e+00    1.857e+03    -6.581e+02
1.063e+01    2.496e+02    -1.077e+02    1.425e+03    9.767e+00    1.815e+03    -4.177e+02
1.139e+01    2.635e+02    -1.396e+02    1.685e+03    1.812e+00    1.815e+03    -4.207e+02
1.215e+01    2.774e+02    -1.227e+02    1.768e+03    8.264e+00    1.830e+03    -3.095e+02
1.291e+01    2.912e+02    -1.291e+02    1.890e+03    5.469e+00    1.932e+03    -2.596e+02
1.367e+01    3.051e+02    -1.290e+02    1.959e+03    4.959e+00    2.007e+03    -2.314e+02
1.443e+01    3.172e+02    -1.168e+02    1.994e+03    6.371e+00    2.104e+03    -1.821e+02
1.519e+01    3.294e+02    -1.137e+02    2.028e+03    5.890e+00    2.206e+03    -1.500e+02
60
7.595e-01    9.205e-01    7.021e-01    3.814e+02    1.040e-01    5.590e+01    9.677e-01
1.519e+00    7.974e-01    3.138e+00    1.103e+03    -5.139e-01    1.791e+02    -1.424e+01
2.279e+00    4.108e+00    1.307e+01    2.635e+03    -1.112e+01    7.182e+02    -3.396e+02
3.038e+00    3.970e+01    7.593e+01    4.507e+03    5.019e+00    1.109e+03    4.898e+02
3.798e+00    9.257e+01    1.711e+02    5.183e+03    -9.496e+00    1.710e+03    2.464e+02
4.557e+00    1.647e+02    2.670e+02    5.582e+03    -1.761e+01    2.675e+03    -3.246e+01
5.317e+00    2.184e+02    3.328e+02    4.941e+03    -3.336e+01    3.426e+03    -4.267e+02
6.076e+00    2.410e+02    5.807e+02    3.346e+03    -1.403e+02    3.546e+03    -7.994e+02
6.836e+00    2.912e+02    1.290e+03    1.890e+03    -4.207e+02    3.606e+03    -9.226e+02
7.595e+00    2.860e+02    1.976e+03    1.494e+03    -6.732e+02    4.027e+03    -7.273e+02
8.355e+00    1.595e+02    1.595e+03    1.208e+03    -5.259e+02    4.147e+03    -7.783e+02
9.114e+00    2.566e+02    4.438e+02    4.403e+02    -1.455e+02    3.636e+03    -1.298e+03
9.874e+00    5.634e+02    1.396e+02    5.929e+02    -9.436e+01    3.216e+03    -1.364e+03
1.063e+01    5.669e+02    4.611e+02    1.574e+03    -1.599e+02    3.396e+03    -1.049e+03
1.139e+01    3.848e+02    7.940e+01    1.855e+03    -4.147e+01    2.846e+03    -1.106e+03
1.215e+01    4.178e+02    6.986e+01    1.959e+03    -5.830e+01    2.425e+03    -9.166e+02
1.291e+01    3.883e+02    1.323e+02    1.994e+03    -2.302e+01    2.467e+03    -7.273e+02
1.367e+01    3.502e+02    -2.895e+01    1.855e+03    -8.324e+00    2.031e+03    -6.942e+02
1.443e+01    3.519e+02    3.086e+01    1.872e+03    -2.152e+00    2.050e+03    -5.139e+02
1.519e+01    3.190e+02    -5.079e+01    1.718e+03    2.077e+00    1.785e+03    -4.357e+02
75
7.595e-01    1.125e+00    7.593e-01    3.935e+02    1.683e-01    6.010e+01    3.877e+00
1.519e+00    5.062e-01    2.895e+00    1.137e+03    -3.907e-01    1.872e+02    -2.434e+00
2.279e+00    -1.751e+00    5.721e+00    4.039e+03    -2.176e+01    1.455e+03    -6.912e+02
3.038e+00    1.361e+01    6.067e+01    4.369e+03    4.327e+00    9.046e+02    5.469e+02
3.798e+00    3.224e+01    1.657e+02    5.634e+03    -8.925e+00    1.455e+03    5.770e+02
4.557e+00    8.148e+01    3.606e+02    6.778e+03    -2.125e+01    2.386e+03    6.671e+02
5.317e+00    1.890e+02    6.882e+02    7.766e+03    -3.095e+01    3.756e+03    7.092e+02
6.076e+00    3.952e+02    1.425e+03    8.564e+03    -7.783e+01    5.590e+03    5.229e+02
6.836e+00    7.662e+02    3.155e+03    8.720e+03    -2.362e+02    7.242e+03    -1.755e+02
7.595e+00    1.189e+03    5.339e+03    8.616e+03    -4.207e+02    8.475e+03    -8.024e+02
8.355e+00    1.493e+03    6.986e+03    9.847e+03    -6.852e+02    1.166e+04    -1.235e+03
9.114e+00    1.352e+03    8.096e+03    9.326e+03    -9.767e+02    1.157e+04    -1.575e+03
9.874e+00    7.714e+02    8.165e+03    7.368e+03    -1.103e+03    7.904e+03    -1.145e+03
1.063e+01    2.427e+02    7.905e+03    6.033e+03    -1.160e+03    4.928e+03    -6.221e+02
1.139e+01    1.044e+02    8.009e+03    5.617e+03    -1.208e+03    4.177e+03    -6.100e+02
1.215e+01    3.276e+02    8.252e+03    5.582e+03    -1.205e+03    4.448e+03    -8.685e+02
1.291e+01    4.889e+02    8.009e+03    5.287e+03    -1.100e+03    3.997e+03    -8.715e+02
1.367e+01    3.692e+02    7.420e+03    4.854e+03    -1.022e+03    3.095e+03    -6.702e+02
1.443e+01    4.889e+02    7.368e+03    2.618e+03    -1.055e+03    2.864e+03    -8.535e+02
1.519e+01    4.611e+02    6.952e+03    4.750e+03    -9.977e+02    3.216e+03    -1.262e+03
90
7.595e-01    1.186e+00    7.628e-01    4.004e+02    2.173e-01    6.161e+01    6.311e+00
1.519e+00    4.525e-01    2.306e+00    1.182e+03    -2.287e-01    1.926e+02    6.161e+00
2.279e+00    2.028e+02    -8.078e+01    2.427e+05    -2.308e+02    1.160e+05    -9.496e+03
3.038e+00    -1.506e+00    2.011e+01    4.507e+03    4.808e+00    9.136e+02    5.740e+02
3.798e+00    -1.333e+01    4.906e+01    6.206e+03    -4.418e+00    1.590e+03    7.152e+02
4.557e+00    -2.340e+01    1.293e+02    7.992e+03    -1.668e+01    2.654e+03    8.895e+02
5.317e+00    -2.912e+01    5.981e+02    9.812e+03    -6.311e+01    4.357e+03    1.025e+03
6.076e+00    -1.179e+02    3.363e+03    1.068e+04    -3.726e+02    7.393e+03    6.431e+02
6.836e+00    -3.259e+02    9.708e+03    7.784e+03    -1.124e+03    7.843e+03    -7.152e+02
7.595e+00    -3.970e+02    1.257e+04    4.715e+03    -1.388e+03    5.049e+03    -1.088e+03
8.355e+00    -3.606e+02    1.293e+04    3.900e+03    -1.304e+03    3.366e+03    -7.813e+02
9.114e+00    -3.311e+02    1.312e+04    3.779e+03    -1.205e+03    2.639e+03    -3.005e+02
9.874e+00    -3.120e+02    1.349e+04    4.178e+03    -1.124e+03    2.314e+03    1.530e+02
1.063e+01    -3.051e+02    1.371e+04    4.403e+03    -1.079e+03    2.164e+03    4.838e+02
1.139e+01    -2.687e+02    1.383e+04    4.143e+03    -1.028e+03    2.004e+03    7.182e+02
1.215e+01    -2.687e+02    1.432e+04    4.663e+03    -8.745e+02    2.158e+03    8.625e+02
1.291e+01    -2.410e+02    1.427e+04    4.941e+03    -9.406e+02    2.206e+03    9.256e+02
1.367e+01    -2.150e+02    1.428e+04    5.010e+03    -9.166e+02    2.278e+03    9.466e+02
1.443e+01    -1.557e+02    1.416e+04    1.649e+03    -8.865e+02    9.166e+02    2.639e+02
1.519e+01    -1.924e+02    1.423e+04    5.218e+03    -8.535e+02    2.452e+03    8.024e+02
105
7.595e-01    1.092e+00    7.142e-01    4.004e+02    2.422e-01    5.980e+01    7.573e+00
1.519e+00    7.489e-01    1.524e+00    1.220e+03    -8.685e-02    1.944e+02    8.384e+00
2.279e+00    5.773e+00    4.906e+00    5.391e+03    2.642e+01    1.584e+03    1.202e+03
3.038e+00    1.170e+01    -3.762e+01    4.750e+03    8.505e+00    1.076e+03    5.079e+02
3.798e+00    4.022e+01    -1.500e+02    7.108e+03    1.265e+01    1.992e+03    5.349e+02
4.557e+00    1.054e+02    -3.103e+02    1.057e+04    1.692e+01    2.936e+03    4.327e+02
5.317e+00    -1.309e+01    1.028e+03    1.661e+04    -1.470e+02    4.598e+03    4.478e+02
6.076e+00    -9.344e+02    1.078e+04    1.649e+04    -9.887e+02    7.333e+03    3.937e+02
6.836e+00    -1.215e+03    1.396e+04    7.160e+03    -1.178e+03    3.336e+03    -8.505e+02
7.595e+00    -1.052e+03    1.333e+04    4.369e+03    -1.043e+03    6.581e+02    -1.500e+02
8.355e+00    -8.633e+02    1.293e+04    3.744e+03    -9.496e+02    3.546e+01    8.835e+02
9.114e+00    -7.905e+02    1.428e+04    4.074e+03    -9.827e+02    3.005e+02    1.713e+03
9.874e+00    -6.431e+02    1.538e+04    4.421e+03    -9.857e+02    1.112e+03    1.872e+03
1.063e+01    -4.473e+02    1.532e+04    4.802e+03    -9.376e+02    1.914e+03    1.560e+03
1.139e+01    -3.450e+02    1.558e+04    2.427e+03    -8.445e+02    1.034e+03    1.427e+03
1.215e+01    -4.282e+02    1.631e+04    5.149e+03    -8.865e+02    2.155e+03    1.424e+03
1.291e+01    -4.854e+02    1.676e+04    -2.843e+03    -9.256e+02    -1.548e+03    6.611e+02
1.367e+01    -4.247e+02    1.697e+04    3.762e+03    -8.234e+02    1.578e+03    1.415e+03
1.443e+01    -5.859e+02    1.643e+04    5.010e+03    -8.174e+02    2.170e+03    1.497e+03
1.519e+01    -7.229e+02    1.768e+04    -3.554e+02    -8.114e+02    -1.076e+03    1.106e+03
120
7.595e-01    8.754e-01    6.206e-01    3.900e+02    2.335e-01    5.530e+01    7.453e+00
1.519e+00    1.415e+00    7.160e-01    1.234e+03    -6.461e-03    1.920e+02    5.049e+00
2.279e+00    1.137e+01    -9.604e+00    3.311e+03    1.409e+01    7.513e+02    6.161e+02
3.038e+00    5.721e+01    -8.772e+01    5.010e+03    1.280e+01    1.316e+03    3.666e+02
3.798e+00    1.614e+02    -2.774e+02    8.390e+03    1.959e+01    2.290e+03    2.575e+02
4.557e+00    -8.182e+01    -7.576e+01    1.444e+04    -6.401e+01    1.818e+03    2.608e+02
5.317e+00    -2.115e+03    5.929e+03    2.219e+04    -5.049e+02    1.626e+03    2.188e+03
6.076e+00    -2.843e+03    1.167e+04    5.166e+03    -6.161e+02    -3.426e+02    1.689e+03
6.836e+00    -1.709e+03    1.210e+04    9.534e+02    -7.904e+02    -1.157e+03    2.320e+03
7.595e+00    -8.910e+02    1.297e+04    2.202e+03    -9.196e+02    7.122e+02    2.242e+03
8.355e+00    -7.160e+02    1.413e+04    3.346e+03    -9.586e+02    1.797e+03    1.647e+03
9.114e+00    -7.801e+02    1.461e+04    3.467e+03    -8.925e+02    1.524e+03    1.863e+03
9.874e+00    -8.408e+02    1.510e+04    3.536e+03    -8.324e+02    1.376e+03    2.326e+03
1.063e+01    -8.165e+02    1.545e+04    3.987e+03    -7.874e+02    1.668e+03    2.218e+03
1.139e+01    -8.512e+02    1.600e+04    4.108e+03    -7.723e+02    1.626e+03    2.203e+03
1.215e+01    -8.893e+02    1.579e+04    4.126e+03    -7.333e+02    1.530e+03    2.242e+03
1.291e+01    -1.096e+03    1.628e+04    3.918e+03    -7.543e+02    1.217e+03    1.911e+03
1.367e+01    -1.016e+03    1.612e+04    3.900e+03    -6.852e+02    1.361e+03    2.131e+03
1.443e+01    -1.456e+03    1.534e+04    1.510e+03    -6.461e+02    -4.297e+02    1.938e+03
1.519e+01    -1.080e+03    1.708e+04    4.056e+03    -7.092e+02    1.307e+03    2.164e+03
135
7.595e-01    5.929e-01    4.941e-01    3.727e+02    1.977e-01    4.928e+01    6.251e+00
1.519e+00    2.340e+00    7.853e-02    1.220e+03    1.040e-02    1.866e+02    -2.972e-01
2.279e+00    2.427e+01    -1.647e+01    2.947e+03    1.031e+01    6.611e+02    3.787e+02
3.038e+00    1.174e+02    -1.071e+02    5.235e+03    1.379e+01    1.578e+03    2.275e+02
3.798e+00    1.434e+02    -2.236e+02    9.829e+03    1.397e+00    2.197e+03    1.824e+02
4.557e+00    -1.288e+03    1.019e+03    1.803e+04    -2.056e+02    -7.663e+02    9.436e+02
5.317e+00    -3.814e+03    7.576e+03    1.125e+04    -2.822e+02    -7.393e+02    2.807e+03
6.076e+00    -1.994e+03    9.188e+03    -6.535e+02    -5.740e+02    -1.289e+03    2.368e+03
6.836e+00    -1.132e+03    1.047e+04    1.129e+03    -8.114e+02    1.190e+03    1.662e+03
7.595e+00    -1.059e+03    1.092e+04    1.562e+03    -7.753e+02    1.226e+03    1.569e+03
8.355e+00    -1.063e+03    1.167e+04    1.838e+03    -7.303e+02    8.294e+02    2.434e+03
9.114e+00    -9.777e+02    1.215e+04    2.531e+03    -6.822e+02    1.226e+03    2.242e+03
9.874e+00    -1.054e+03    1.239e+04    2.618e+03    -6.371e+02    9.526e+02    2.335e+03
1.063e+01    -1.942e+03    1.227e+04    -1.685e+04    -6.852e+02    -8.535e+03    4.898e+03
1.139e+01    -1.187e+03    1.293e+04    3.138e+03    -5.950e+02    9.286e+02    2.212e+03
1.215e+01    -1.026e+03    1.366e+04    1.115e+03    -5.439e+02    -1.364e+02    2.485e+03
1.291e+01    -1.872e+03    1.401e+04    -3.103e+03    -5.349e+02    -4.538e+03    2.461e+03
1.367e+01    -1.286e+03    1.297e+04    1.890e+03    -5.349e+02    -1.226e+02    2.284e+03
1.443e+01    -1.314e+03    1.369e+04    2.496e+03    -5.229e+02    1.830e+02    2.377e+03
1.519e+01    -1.959e+03    1.175e+04    -2.583e+03    -4.448e+02    -4.418e+03    1.340e+03
150
7.595e-01    3.224e-01    3.432e-01    3.536e+02    1.424e-01    4.327e+01    4.357e+00
1.519e+00    3.276e+00    -2.427e-01    1.189e+03    -2.299e-03    1.806e+02    -3.726e+00
2.279e+00    3.831e+01    -1.630e+01    2.774e+03    7.333e+00    6.581e+02    2.218e+02
3.038e+00    1.657e+02    -9.049e+01    5.461e+03    1.061e+01    1.806e+03    1.325e+02
3.798e+00    -9.985e+01    -8.252e+01    1.113e+04    -1.818e+01    1.791e+03    2.464e+02
4.557e+00    -2.808e+03    1.730e+03    1.959e+04    -2.113e+02    -2.825e+03    1.421e+03
5.317e+00    -3.120e+03    5.478e+03    2.028e+03    -2.131e+02    -1.869e+03    2.013e+03
6.076e+00    -1.368e+03    6.657e+03    -8.390e+01    -5.439e+02    4.808e+02    1.331e+03
6.836e+00    -1.633e+03    7.957e+03    -1.730e+03    -6.281e+02    8.354e+02    1.163e+03
7.595e+00    -1.151e+03    7.870e+03    7.610e+02    -5.229e+02    5.469e+02    1.842e+03
8.355e+00    -1.052e+03    8.234e+03    1.427e+03    -4.868e+02    8.715e+02    1.740e+03
9.114e+00    -1.113e+03    8.633e+03    1.706e+03    -4.568e+02    7.573e+02    1.893e+03
9.874e+00    -1.106e+03    8.702e+03    1.623e+03    -4.267e+02    7.182e+02    1.818e+03
1.063e+01    -1.252e+03    9.240e+03    2.150e+03    -4.267e+02    6.792e+02    1.800e+03
1.139e+01    -1.224e+03    8.980e+03    2.410e+03    -3.787e+02    5.800e+02    1.845e+03
1.215e+01    -1.326e+03    9.257e+03    2.444e+03    -3.847e+02    5.680e+02    1.902e+03
1.291e+01    -2.115e+03    9.136e+03    -1.768e+03    -3.997e+02    -3.125e+03    8.835e+02
1.367e+01    -4.490e+03    1.083e+04    -1.357e+04    -3.336e+02    -1.346e+04    2.560e+02
1.443e+01    -1.527e+03    9.621e+03    2.306e+03    -3.696e+02    1.031e+02    1.566e+03
1.519e+01    -1.692e+03    9.326e+03    1.161e+03    -3.666e+02    -9.466e+02    9.286e+02
165
7.595e-01    1.293e-01    1.768e-01    3.398e+02    7.483e-02    3.877e+01    2.200e+00
1.519e+00    3.987e+00    -2.254e-01    1.158e+03    -6.882e-03    1.755e+02    -3.306e+00
2.279e+00    4.854e+01    -9.951e+00    2.670e+03    3.907e+00    6.671e+02    1.028e+02
3.038e+00    1.907e+02    -4.993e+01    5.651e+03    5.439e+00    1.959e+03    6.491e+01
3.798e+00    -3.900e+02    1.711e+00    1.203e+04    -1.719e+01    1.382e+03    2.038e+02
4.557e+00    -3.675e+03    1.250e+03    1.907e+04    -1.094e+02    -3.456e+03    9.737e+02
5.317e+00    -2.375e+03    2.843e+03    -5.062e+02    -1.605e+02    -1.683e+03    9.526e+02
6.076e+00    -1.363e+03    3.467e+03    3.484e+02    -3.035e+02    8.505e+02    5.620e+02
6.836e+00    -1.311e+03    3.744e+03    1.071e+02    -2.789e+02    3.216e+02    8.324e+02
7.595e+00    -1.064e+03    3.970e+03    4.213e+02    -2.491e+02    6.010e+02    9.857e+02
8.355e+00    -1.123e+03    4.351e+03    9.136e+02    -2.512e+02    6.401e+02    1.004e+03
9.114e+00    -1.161e+03    4.334e+03    1.311e+03    -2.266e+02    5.590e+02    1.031e+03
9.874e+00    -1.158e+03    4.490e+03    1.522e+03    -2.122e+02    5.499e+02    9.857e+02
1.063e+01    -1.255e+03    4.802e+03    1.650e+03    -2.041e+02    4.928e+02    1.094e+03
1.139e+01    -2.271e+03    4.819e+03    -3.519e+03    -2.068e+02    -3.907e+03    6.611e+02
1.215e+01    -1.250e+03    4.819e+03    2.011e+03    -1.962e+02    5.980e+02    9.677e+02
1.291e+01    -1.274e+03    4.594e+03    2.167e+03    -1.845e+02    2.569e+02    9.106e+02
1.367e+01    -1.640e+03    4.473e+03    1.078e+03    -1.830e+02    -5.259e+02    9.016e+02
1.443e+01    -1.643e+03    4.369e+03    1.085e+03    -1.872e+02    -8.174e+02    6.251e+02
1.519e+01    -2.063e+03    4.317e+03    2.132e+02    -1.605e+02    -1.935e+03    5.259e+02
180
7.595e-01    5.894e-02    -4.993e-05    3.328e+02    1.590e-03    3.726e+01    7.032e-04
1.519e+00    4.247e+00    -1.872e-04    1.146e+03    7.122e-03    1.737e+02    4.087e-03
2.279e+00    5.235e+01    2.687e-03    2.635e+03    2.140e-02    6.732e+02    7.032e-03
3.038e+00    1.976e+02    1.283e-01    5.721e+03    1.190e-01    2.013e+03    2.025e-01
3.798e+00    -5.149e+02    1.534e+00    1.236e+04    7.753e-01    1.220e+03    1.872e+00
4.557e+00    -3.883e+03    5.703e+00    1.838e+04    2.230e+00    -3.516e+03    6.010e+00
5.317e+00    -2.167e+03    8.858e-01    -8.477e+02    5.409e-01    -1.497e+03    1.539e+00
6.076e+00    -1.404e+03    8.130e-01    3.675e+02    4.748e-01    8.114e+02    -7.964e-01
6.836e+00    -1.272e+03    -1.567e+00    -1.786e+02    8.985e-01    3.276e+02    -3.937e+00
7.595e+00    -1.158e+03    2.202e+01    4.473e+02    -1.839e+00    5.079e+02    -1.659e+01
8.355e+00    -1.130e+03    2.323e+00    7.888e+02    3.606e-01    5.379e+02    -2.801e-01
9.114e+00    -1.106e+03    5.513e+00    1.052e+03    6.551e-01    5.680e+02    -7.874e+00
9.874e+00    -1.226e+03    8.061e+00    1.409e+03    1.770e-01    3.636e+02    -7.092e+00
1.063e+01    -1.063e+03    6.882e+01    9.378e+02    -2.963e+00    2.690e+02    -7.303e+01
1.139e+01    -1.392e+03    8.304e+00    4.681e+02    4.959e-01    -1.515e+02    -3.696e+00
1.215e+01    -1.343e+03    1.541e+01    1.942e+03    -6.010e-01    3.967e+02    -2.098e+01
1.291e+01    -2.722e+03    3.970e+02    -4.837e+03    -1.262e+01    -6.521e+03    -4.808e+02
1.367e+01    -1.666e+03    3.970e+01    -1.309e+02    2.939e+00    -1.890e+03    -1.244e+02
1.443e+01    -2.098e+03    -1.026e+02    -1.094e+03    7.813e+00    -3.306e+03    -2.747e+02
1.519e+01    -1.838e+03    -5.790e+01    1.137e+03    2.392e+00    -1.136e+03    -6.762e+01
