13 20
0
7.595e-01    1.976e-02    1.298e-04    3.346e+02    6.010e-04    3.095e+01    -5.409e-04
1.519e+00    1.456e+00    4.455e-04    1.075e+03    3.426e-03    1.193e+02    -3.005e-03
2.279e+00    1.576e+01    1.246e-02    2.236e+03    1.644e-02    3.847e+02    -5.049e-03
3.038e+00    5.859e+01    8.685e-02    3.450e+03    8.775e-02    1.208e+03    1.755e-01
3.798e+00    9.517e+01    2.271e-01    4.403e+03    2.509e-01    2.867e+03    3.696e-01
4.557e+00    6.345e+01    2.531e-01    4.161e+03    3.937e-01    3.967e+03    4.538e-01
5.317e+00    6.327e+01    7.853e-03    2.011e+03    2.554e-01    2.957e+03    2.098e-01
6.076e+00    1.186e+02    -1.728e-02    8.633e+02    8.024e-02    2.119e+03    3.456e-01
6.836e+00    1.234e+02    -8.286e-02    1.855e+03    1.482e-01    2.578e+03    4.297e-01
7.595e+00    1.538e+02    -1.768e-01    1.415e+03    5.980e-02    2.170e+03    4.117e-01
8.355e+00    1.621e+02    -3.276e-01    1.768e+03    1.286e-02    2.131e+03    5.770e-01
9.114e+00    1.820e+02    -4.369e-01    1.657e+03    -7.603e-02    1.890e+03    7.273e-01
9.874e+00    1.976e+02    -6.726e-01    1.820e+03    -1.713e-01    1.911e+03    8.505e-01
1.063e+01    2.167e+02    -8.252e-01    1.924e+03    -2.993e-01    1.923e+03    1.187e+00
1.139e+01    2.358e+02    -1.082e+00    1.959e+03    -4.538e-01    1.917e+03    1.491e+00
1.215e+01    2.531e+02    -1.356e+00    2.011e+03    -5.920e-01    1.956e+03    1.860e+00
1.291e+01    2.704e+02    -1.621e+00    2.046e+03    -7.242e-01    2.028e+03    2.383e+00
1.367e+01    2.878e+02    -1.855e+00    2.063e+03    -8.775e-01    2.113e+03    3.005e+00
1.443e+01    3.034e+02    -2.098e+00    2.063e+03    -1.067e+00    2.200e+03    3.726e+00
1.519e+01    3.207e+02    -2.323e+00    2.063e+03    -1.283e+00    2.284e+03    4.538e+00
15
7.595e-01    4.923e-02    7.801e-02    3.363e+02    -5.229e-03    3.185e+01    -1.289e+00
1.519e+00    1.369e+00    6.189e-01    1.070e+03    -1.226e-01    1.199e+02    -9.556e+00
2.279e+00    1.480e+01    3.935e+00    2.254e+03    -5.560e-01    3.937e+02    -7.964e+01
3.038e+00    5.738e+01    1.924e+01    3.623e+03    -6.311e+00    1.226e+03    6.852e+01
3.798e+00    9.691e+01    2.479e+01    4.438e+03    -1.427e+01    2.753e+03    -2.019e+02
4.557e+00    7.090e+01    9.604e+00    4.126e+03    -2.666e+01    3.907e+03    -5.499e+02
5.317e+00    6.639e+01    1.564e+01    1.959e+03    -3.185e+01    3.095e+03    -5.860e+02
6.076e+00    1.267e+02    3.224e+01    6.535e+02    -8.625e+00    2.239e+03    -3.065e+02
6.836e+00    1.349e+02    -1.820e+01    1.704e+03    -1.944e+00    2.627e+03    -3.967e+02
7.595e+00    1.560e+02    -2.150e+01    1.363e+03    -1.343e+01    2.278e+03    -3.155e+02
8.355e+00    1.734e+02    -3.623e+01    1.650e+03    -8.445e-02    2.170e+03    -3.396e+02
9.114e+00    1.803e+02    -3.450e+01    1.560e+03    -2.581e+00    1.908e+03    -2.302e+02
9.874e+00    1.959e+02    -4.923e+01    1.786e+03    -1.148e+00    1.932e+03    -2.365e+02
1.063e+01    2.167e+02    -4.941e+01    1.855e+03    1.256e+00    1.875e+03    -2.038e+02
1.139e+01    2.323e+02    -4.923e+01    1.872e+03    1.412e+00    1.845e+03    -1.614e+02
1.215e+01    2.479e+02    -5.322e+01    1.924e+03    1.388e+00    1.890e+03    -1.409e+02
1.291e+01    2.635e+02    -5.599e+01    1.976e+03    1.253e+00    1.959e+03    -1.271e+02
1.367e+01    2.791e+02    -5.738e+01    1.994e+03    1.250e+00    2.035e+03    -1.139e+02
1.443e+01    2.930e+02    -5.877e+01    2.011e+03    1.244e+00    2.110e+03    -1.022e+02
1.519e+01    3.086e+02    -5.946e+01    1.994e+03    1.265e+00    2.188e+03    -9.136e+01
30
7.595e-01    1.300e-01    1.444e-01    3.380e+02    -4.117e-04    3.456e+01    -1.857e+00
1.519e+00    1.132e+00    1.083e+00    1.059e+03    -2.263e-01    1.217e+02    -1.533e+01
2.279e+00    1.201e+01    6.934e+00    2.306e+03    -1.908e+00    4.297e+02    -1.539e+02
3.038e+00    5.287e+01    3.588e+01    3.935e+03    -6.491e+00    1.187e+03    1.349e+02
3.798e+00    9.916e+01    5.617e+01    4.611e+03    -1.899e+01    2.419e+03    -2.488e+02
4.557e+00    9.430e+01    4.004e+01    4.265e+03    -4.087e+01    3.636e+03    -8.264e+02
5.317e+00    8.234e+01    6.813e+01    2.028e+03    -7.783e+01    3.426e+03    -1.139e+03
6.076e+00    1.470e+02    1.803e+02    1.734e+02    -8.174e+01    2.747e+03    -7.513e+02
6.836e+00    1.855e+02    8.477e+01    1.125e+03    -9.887e+00    3.005e+03    -6.852e+02
7.595e+00    1.838e+02    -5.218e+01    1.512e+03    -2.140e+01    2.711e+03    -8.204e+02
8.355e+00    2.046e+02    -8.026e-01    1.177e+03    -1.998e+01    2.368e+03    -5.620e+02
9.114e+00    2.011e+02    -8.165e+01    1.581e+03    -8.775e+00    2.173e+03    -6.521e+02
9.874e+00    2.167e+02    -4.993e+01    1.572e+03    -3.005e+00    2.001e+03    -4.508e+02
1.063e+01    2.098e+02    -8.668e+01    1.654e+03    -3.336e+00    1.818e+03    -4.027e+02
1.139e+01    2.271e+02    -9.413e+01    1.786e+03    1.956e+00    1.818e+03    -3.756e+02
1.215e+01    2.392e+02    -8.633e+01    1.803e+03    3.967e+00    1.779e+03    -3.005e+02
1.291e+01    2.479e+02    -9.066e+01    1.803e+03    4.087e+00    1.764e+03    -2.506e+02
1.367e+01    2.566e+02    -9.586e+01    1.803e+03    3.907e+00    1.794e+03    -2.206e+02
1.443e+01    2.687e+02    -9.829e+01    1.820e+03    4.027e+00    1.848e+03    -1.959e+02
1.519e+01    2.791e+02    -1.000e+02    1.803e+03    4.207e+00    1.905e+03    -1.740e+02
45
7.595e-01    2.427e-01    1.872e-01    3.415e+02    1.926e-02    3.817e+01    -1.349e+00
1.519e+00    8.009e-01    1.300e+00    1.052e+03    -2.849e-01    1.244e+02    -1.545e+01
2.279e+00    7.714e+00    8.130e+00    2.514e+03    -4.688e+00    5.289e+02    -2.317e+02
3.038e+00    4.299e+01    4.750e+01    4.108e+03    -1.752e+00    1.031e+03    2.125e+02
3.798e+00    9.413e+01    9.448e+01    4.923e+03    -1.253e+01    1.941e+03    -8.715e+01
4.557e+00    1.288e+02    1.134e+02    4.993e+03    -2.939e+01    3.155e+03    -6.100e+02
5.317e+00    1.390e+02    1.959e+02    3.311e+03    -9.316e+01    3.726e+03    -1.193e+03
6.076e+00    1.959e+02    6.085e+02    8.754e+02    -2.545e+02    3.756e+03    -1.265e+03
6.836e+00    2.583e+02    9.656e+02    3.450e+02    -3.276e+02    4.237e+03    -8.565e+02
7.595e+00    2.774e+02    4.871e+02    1.257e+03    -1.151e+02    4.357e+03    -1.118e+03
8.355e+00    2.912e+02    -5.530e+01    9.725e+02    -2.287e+01    3.095e+03    -1.367e+03
9.114e+00    3.554e+02    1.430e+02    1.376e+03    -8.354e+01    3.095e+03    -9.677e+02
9.874e+00    3.016e+02    7.281e+00    1.768e+03    -2.263e+01    2.789e+03    -1.064e+03
1.063e+01    3.120e+02    4.369e+01    1.751e+03    -3.907e+01    2.437e+03    -8.234e+02
1.139e+01    2.860e+02    -4.837e+01    1.838e+03    -1.518e+01    2.230e+03    -7.633e+02
1.215e+01    2.912e+02    -2.982e+01    1.890e+03    -9.917e+00    2.095e+03    -5.980e+02
1.291e+01    2.548e+02    -7.766e+01    1.786e+03    -3.877e+00    1.830e+03    -5.169e+02
1.367e+01    2.652e+02    -8.858e+01    1.786e+03    4.087e+00    1.785e+03    -4.448e+02
1.443e+01    2.670e+02    -8.113e+01    1.723e+03    5.890e+00    1.719e+03    -3.606e+02
1.519e+01    2.618e+02    -8.893e+01    1.647e+03    6.491e+00    1.659e+03    -3.005e+02
60
7.595e-01    3.484e-01    2.115e-01    3.467e+02    5.469e-02    4.207e+01    5.710e-02
1.519e+00    4.629e-01    1.246e+00    1.059e+03    -2.837e-01    1.280e+02    -1.100e+01
2.279e+00    2.912e+00    6.622e+00    3.068e+03    -9.767e+00    8.234e+02    -3.636e+02
3.038e+00    2.722e+01    4.958e+01    4.143e+03    2.834e+00    8.294e+02    3.035e+02
3.798e+00    6.969e+01    1.246e+02    5.305e+03    -4.147e+00    1.464e+03    1.950e+02
4.557e+00    1.387e+02    2.219e+02    6.258e+03    -6.221e+00    2.545e+03    -5.770e-01
5.317e+00    2.410e+02    3.831e+02    6.483e+03    -2.242e+01    3.847e+03    -3.576e+02
6.076e+00    4.369e+02    9.951e+02    5.998e+03    -1.671e+02    5.349e+03    -8.324e+02
6.836e+00    6.501e+02    2.375e+03    5.149e+03    -5.319e+02    6.341e+03    -1.022e+03
7.595e+00    5.426e+02    3.762e+03    3.848e+03    -8.865e+02    6.070e+03    -6.491e+02
8.355e+00    2.600e+02    4.056e+03    2.600e+03    -9.496e+02    5.770e+03    -4.628e+02
9.114e+00    3.016e+02    3.346e+03    2.496e+03    -8.204e+02    5.920e+03    -9.136e+02
9.874e+00    6.778e+02    2.860e+03    3.138e+03    -7.813e+02    6.792e+03    -1.418e+03
1.063e+01    4.663e+02    2.548e+03    2.080e+03    -7.092e+02    5.439e+03    -1.626e+03
1.139e+01    3.138e+02    1.838e+03    1.089e+03    -4.568e+02    4.478e+03    -1.935e+03
1.215e+01    5.149e+02    1.401e+03    1.181e+03    -3.216e+02    4.177e+03    -1.734e+03
1.291e+01    6.362e+02    1.330e+03    1.538e+03    -2.903e+02    3.426e+03    -1.533e+03
1.367e+01    6.154e+02    9.448e+02    2.063e+03    -2.041e+02    2.861e+03    -1.238e+03
1.443e+01    4.785e+02    7.506e+02    2.236e+03    -1.388e+02    2.611e+03    -1.298e+03
1.519e+01    4.819e+02    5.010e+02    2.340e+03    -7.423e+01    2.446e+03    -1.295e+03
75
7.595e-01    4.299e-01    2.167e-01    3.536e+02    9.076e-02    4.478e+01    1.785e+00
1.519e+00    2.167e-01    9.760e-01    1.080e+03    -2.257e-01    1.319e+02    -5.079e+00
2.279e+00    3.034e-01    6.743e-01    5.703e+03    -2.134e+01    2.131e+03    -7.513e+02
3.038e+00    9.638e+00    3.675e+01    4.195e+03    5.079e+00    6.972e+02    3.787e+02
3.798e+00    2.566e+01    1.106e+02    5.634e+03    -1.010e+00    1.166e+03    4.357e+02
4.557e+00    6.778e+01    2.670e+02    7.125e+03    -7.002e+00    2.059e+03    5.439e+02
5.317e+00    1.734e+02    6.171e+02    8.633e+03    -1.953e+01    3.576e+03    6.191e+02
6.076e+00    4.490e+02    1.751e+03    1.021e+04    -1.097e+02    5.890e+03    4.327e+02
6.836e+00    9.413e+02    4.646e+03    1.111e+04    -3.787e+02    8.535e+03    -2.053e+02
7.595e+00    1.347e+03    7.610e+03    1.174e+04    -7.363e+02    1.247e+04    -9.046e+02
8.355e+00    1.416e+03    9.586e+03    1.071e+04    -1.079e+03    1.349e+04    -1.788e+03
9.114e+00    1.064e+03    1.021e+04    8.269e+03    -1.190e+03    1.010e+04    -1.650e+03
9.874e+00    5.183e+02    9.985e+03    6.674e+03    -1.190e+03    6.311e+03    -7.753e+02
1.063e+01    6.293e+01    9.760e+03    6.085e+03    -1.196e+03    4.147e+03    -1.205e+02
1.139e+01    -1.413e+01    1.005e+04    5.911e+03    -1.214e+03    3.787e+03    -2.137e+02
1.215e+01    1.728e+02    1.025e+04    5.721e+03    -1.175e+03    3.877e+03    -4.087e+02
1.291e+01    2.236e+02    1.012e+04    5.513e+03    -1.064e+03    3.396e+03    -1.346e+02
1.367e+01    1.373e+02    9.847e+03    5.443e+03    -1.019e+03    2.912e+03    2.191e+00
1.443e+01    1.311e+02    9.777e+03    5.461e+03    -1.013e+03    2.924e+03    -1.794e+02
1.519e+01    1.994e+02    9.621e+03    5.443e+03    -9.857e+02    2.951e+03    -2.708e+02
90
7.595e-01    4.594e-01    2.150e-01    3.588e+02    1.208e-01    4.598e+01    3.155e+00
1.519e+00    1.550e-01    5.617e-01    1.111e+03    -1.403e-01    1.352e+02    -1.139e+00
2.279e+00    2.063e+02    -4.594e+01    2.236e+05    -1.683e+02    1.055e+05    -6.762e+03
3.038e+00    6.778e-02    8.546e+00    4.299e+03    6.581e+00    6.762e+02    3.967e+02
3.798e+00    -3.883e+00    2.462e+01    5.998e+03    3.276e+00    1.151e+03    4.959e+02
4.557e+00    -7.922e+00    9.257e+01    7.766e+03    -4.448e+00    1.917e+03    6.251e+02
5.317e+00    -1.557e+01    5.877e+02    9.465e+03    -5.169e+01    3.095e+03    7.543e+02
6.076e+00    -1.394e+02    3.710e+03    9.708e+03    -3.967e+02    5.139e+03    6.882e+02
6.836e+00    -5.097e+02    1.004e+04    6.483e+03    -1.151e+03    5.620e+03    -1.482e+02
7.595e+00    -5.461e+02    1.253e+04    4.299e+03    -1.376e+03    4.117e+03    -7.152e+02
8.355e+00    -4.403e+02    1.291e+04    3.779e+03    -1.295e+03    3.005e+03    -5.950e+02
9.114e+00    -3.744e+02    1.314e+04    3.727e+03    -1.202e+03    2.467e+03    -1.962e+02
9.874e+00    -3.363e+02    1.350e+04    4.161e+03    -1.124e+03    2.221e+03    2.179e+02
1.063e+01    -3.207e+02    1.371e+04    4.386e+03    -1.079e+03    2.110e+03    5.259e+02
1.139e+01    -2.791e+02    1.383e+04    4.143e+03    -1.028e+03    1.974e+03    7.453e+02
1.215e+01    -2.739e+02    1.432e+04    4.663e+03    -8.745e+02    2.143e+03    8.775e+02
1.291e+01    -2.444e+02    1.427e+04    4.941e+03    -9.406e+02    2.197e+03    9.346e+02
1.367e+01    -2.167e+02    1.427e+04    5.010e+03    -9.166e+02    2.272e+03    9.526e+02
1.443e+01    -1.569e+02    1.415e+04    1.657e+03    -8.865e+02    9.196e+02    2.693e+02
1.519e+01    -1.924e+02    1.423e+04    5.218e+03    -8.505e+02    2.452e+03    8.054e+02
105
7.595e-01    4.299e-01    2.011e-01    3.606e+02    1.328e-01    4.478e+01    3.756e+00
1.519e+00    3.346e-01    1.125e-01    1.139e+03    -6.822e-02    1.367e+02    -8.865e-01
2.279e+00    7.281e+00    3.710e+00    9.032e+03    3.306e+01    3.216e+03    1.298e+03
3.038e+00    8.217e+00    -2.704e+01    4.473e+03    9.076e+00    7.603e+02    3.426e+02
3.798e+00    2.860e+01    -9.899e+01    6.605e+03    1.289e+01    1.379e+03    3.456e+02
4.557e+00    6.431e+01    -1.838e+02    9.534e+03    1.118e+01    1.971e+03    2.383e+02
5.317e+00    -6.171e+01    7.142e+02    1.390e+04    -1.157e+02    2.452e+03    2.482e+02
6.076e+00    -8.442e+02    7.957e+03    1.489e+04    -7.904e+02    4.237e+03    9.737e+02
6.836e+00    -1.255e+03    1.283e+04    7.385e+03    -1.121e+03    3.005e+03    -2.212e+02
7.595e+00    -1.118e+03    1.278e+04    4.317e+03    -1.058e+03    4.658e+02    -4.748e+01
8.355e+00    -9.586e+02    1.288e+04    9.413e+02    -1.034e+03    -4.748e+02    4.748e+02
9.114e+00    -8.165e+02    1.349e+04    3.831e+03    -9.797e+02    -3.756e+01    1.629e+03
9.874e+00    -6.293e+02    1.427e+04    4.334e+03    -9.917e+02    9.226e+02    1.794e+03
1.063e+01    -3.814e+02    1.454e+04    4.230e+03    -9.496e+02    1.608e+03    1.566e+03
1.139e+01    -3.640e+02    1.506e+04    5.235e+03    -9.496e+02    2.227e+03    1.295e+03
1.215e+01    -4.213e+02    1.550e+04    5.201e+03    -9.196e+02    2.101e+03    1.373e+03
1.291e+01    -4.421e+02    1.564e+04    4.993e+03    -8.715e+02    1.866e+03    1.596e+03
1.367e+01    -4.646e+02    1.581e+04    5.010e+03    -8.535e+02    1.944e+03    1.566e+03
1.443e+01    -5.721e+02    1.656e+04    3.190e+03    -8.294e+02    8.565e+02    1.455e+03
1.519e+01    -4.230e+02    1.591e+04    4.317e+03    -7.964e+02    1.689e+03    1.554e+03
120
7.595e-01    3.502e-01    1.786e-01    3.571e+02    1.256e-01    4.207e+01    3.516e+00
1.519e+00    7.420e-01    -2.704e-01    1.149e+03    -3.787e-02    1.358e+02    -3.576e+00
2.279e+00    6.570e+00    -6.154e+00    3.848e+03    1.698e+01    9.316e+02    6.131e+02
3.038e+00    3.484e+01    -5.513e+01    4.611e+03    1.145e+01    9.196e+02    2.449e+02
3.798e+00    1.004e+02    -1.699e+02    7.420e+03    1.548e+01    1.713e+03    1.641e+02
4.557e+00    -6.154e+01    -7.350e+01    1.179e+04    -4.267e+01    1.509e+03    1.139e+02
5.317e+00    -1.415e+03    2.947e+03    1.820e+04    -3.967e+02    -5.229e+02    1.367e+03
6.076e+00    -2.704e+03    9.708e+03    7.853e+03    -5.469e+02    -7.723e+02    2.527e+03
6.836e+00    -1.855e+03    1.108e+04    7.680e+02    -7.092e+02    -1.896e+03    2.533e+03
7.595e+00    -9.864e+02    1.233e+04    1.751e+03    -9.496e+02    3.937e+02    2.170e+03
8.355e+00    -5.738e+02    1.265e+04    2.947e+03    -9.436e+02    1.647e+03    1.497e+03
9.114e+00    -6.691e+02    1.342e+04    3.051e+03    -9.316e+02    1.394e+03    1.695e+03
9.874e+00    -7.489e+02    1.392e+04    3.519e+03    -8.625e+02    1.184e+03    2.323e+03
1.063e+01    -6.934e+02    1.425e+04    3.883e+03    -8.324e+02    1.518e+03    2.260e+03
1.139e+01    -7.784e+02    1.474e+04    3.987e+03    -7.994e+02    1.506e+03    2.191e+03
1.215e+01    -8.546e+02    1.493e+04    3.380e+03    -7.753e+02    8.505e+02    2.335e+03
1.291e+01    -9.101e+02    1.451e+04    1.751e+03    -7.633e+02    1.070e+03    2.019e+03
1.367e+01    -8.113e+02    1.543e+04    3.016e+03    -7.303e+02    4.508e+02    2.010e+03
1.443e+01    -1.363e+03    1.536e+04    5.894e+02    -7.032e+02    -1.193e+03    2.155e+03
1.519e+01    -8.980e+02    1.555e+04    4.247e+03    -7.002e+02    1.424e+03    2.206e+03
135
7.595e-01    2.410e-01    1.468e-01    3.484e+02    1.040e-01    3.817e+01    2.702e+00
1.519e+00    1.290e+00    -4.906e-01    1.141e+03    -4.357e-02    1.328e+02    -6.611e+00
2.279e+00    1.363e+01    -1.012e+01    2.982e+03    1.205e+01    6.010e+02    3.606e+02
3.038e+00    6.934e+01    -6.449e+01    4.715e+03    1.169e+01    1.127e+03    1.575e+02
3.798e+00    1.080e+02    -1.427e+02    8.252e+03    4.928e+00    2.019e+03    1.518e+02
4.557e+00    -7.402e+02    4.369e+02    1.319e+04    -1.253e+02    4.207e+02    6.010e+02
5.317e+00    -3.016e+03    4.715e+03    1.425e+04    -3.696e+02    -2.425e+03    2.624e+03
6.076e+00    -2.080e+03    7.974e+03    -4.854e+01    -4.868e+02    -1.788e+03    2.554e+03
6.836e+00    -1.038e+03    9.378e+03    7.142e+02    -8.114e+02    8.054e+02    1.563e+03
7.595e+00    -8.148e+02    9.743e+03    1.252e+03    -8.084e+02    8.204e+02    1.479e+03
8.355e+00    -9.482e+02    1.073e+04    1.441e+03    -7.693e+02    5.650e+02    2.332e+03
9.114e+00    -8.702e+02    1.108e+04    2.410e+03    -7.303e+02    1.034e+03    2.221e+03
9.874e+00    -9.101e+02    1.148e+04    2.618e+03    -6.972e+02    8.985e+02    2.254e+03
1.063e+01    -9.725e+02    1.179e+04    2.808e+03    -6.581e+02    8.745e+02    2.368e+03
1.139e+01    -9.292e+02    1.207e+04    2.878e+03    -6.281e+02    9.076e+02    2.188e+03
1.215e+01    -9.916e+02    1.184e+04    3.086e+03    -5.890e+02    9.106e+02    2.242e+03
1.291e+01    -1.350e+03    1.168e+04    7.402e+01    -5.259e+02    -8.114e+02    2.227e+03
1.367e+01    -2.080e+03    1.283e+04    -5.010e+03    -5.860e+02    -5.830e+03    2.374e+03
1.443e+01    -1.096e+03    1.260e+04    3.276e+03    -5.499e+02    7.453e+02    2.182e+03
1.519e+01    -1.942e+03    1.274e+04    -9.292e+01    -5.590e+02    -2.443e+03    2.491e+03
150
7.595e-01    1.354e-01    1.057e-01    3.380e+02    7.242e-02    3.396e+01    1.707e+00
1.519e+00    1.838e+00    -4.993e-01    1.118e+03    -5.409e-02    1.289e+02    -7.423e+00
2.279e+00    2.150e+01    -9.777e+00    2.652e+03    8.414e+00    5.049e+02    2.074e+02
3.038e+00    9.812e+01    -5.391e+01    4.785e+03    9.166e+00    1.343e+03    1.007e+02
3.798e+00    6.865e+00    -6.847e+01    8.997e+03    -5.950e+00    2.227e+03    2.275e+02
4.557e+00    -1.548e+03    7.541e+02    1.363e+04    -1.394e+02    -5.499e+02    9.586e+02
5.317e+00    -2.930e+03    4.004e+03    6.917e+03    -2.389e+02    -2.131e+03    2.028e+03
6.076e+00    -1.338e+03    5.721e+03    -6.587e+02    -5.199e+02    -2.885e+02    1.196e+03
6.836e+00    -1.200e+03    6.553e+03    5.963e+02    -6.070e+02    6.131e+02    9.797e+02
7.595e+00    -9.829e+02    6.830e+03    4.282e+02    -5.560e+02    2.374e+02    1.764e+03
8.355e+00    -9.188e+02    7.368e+03    1.255e+03    -5.379e+02    7.062e+02    1.743e+03
9.114e+00    -6.241e+02    9.014e+03    -6.813e+03    -5.740e+02    -1.818e+03    1.551e+03
9.874e+00    -1.011e+03    8.096e+03    1.690e+03    -4.778e+02    4.898e+02    1.848e+03
1.063e+01    -1.038e+03    8.148e+03    2.028e+03    -4.388e+02    4.718e+02    1.827e+03
1.139e+01    -1.063e+03    8.546e+03    2.167e+03    -4.357e+02    5.169e+02    1.752e+03
1.215e+01    -1.215e+03    9.014e+03    1.855e+03    -4.448e+02    9.887e+01    1.770e+03
1.291e+01    -1.134e+03    8.668e+03    2.427e+03    -3.907e+02    5.109e+02    1.791e+03
1.367e+01    -1.106e+03    8.616e+03    1.855e+03    -3.666e+02    7.603e+00    1.806e+03
1.443e+01    -2.687e+03    7.836e+03    -9.864e+03    -3.426e+02    -1.013e+04    1.406e+03
1.519e+01    -1.281e+03    8.858e+03    6.761e+02    -3.396e+02    -1.265e+03    1.587e+03
165
7.595e-01    5.894e-02    5.599e-02    3.276e+02    3.726e-02    3.095e+01    7.934e-01
1.519e+00    2.236e+00    -3.103e-01    1.094e+03    -3.877e-02    1.256e+02    -4.898e+00
2.279e+00    2.739e+01    -5.894e+00    2.479e+03    4.418e+00    4.688e+02    9.496e+01
3.038e+00    1.146e+02    -2.999e+01    4.837e+03    4.959e+00    1.509e+03    5.409e+01
3.798e+00    -1.239e+02    -1.656e+01    9.534e+03    -6.641e+00    2.338e+03    1.881e+02
4.557e+00    -2.028e+03    5.530e+02    1.354e+04    -8.384e+01    -1.022e+03    6.882e+02
5.317e+00    -2.392e+03    2.167e+03    3.034e+03    -1.470e+02    -1.761e+03    9.196e+02
6.076e+00    -1.290e+03    2.947e+03    -1.976e+02    -3.035e+02    4.478e+01    4.207e+02
6.836e+00    -1.272e+03    3.328e+03    -1.042e+02    -3.065e+02    7.393e+01    7.303e+02
7.595e+00    -7.818e+02    3.380e+03    -1.448e+02    -2.930e+02    4.718e+02    9.767e+02
8.355e+00    -9.465e+02    3.814e+03    7.264e+02    -2.819e+02    4.568e+02    9.887e+02
9.114e+00    -9.621e+02    3.987e+03    8.321e+02    -2.413e+02    3.787e+02    1.076e+03
9.874e+00    -9.812e+02    4.126e+03    1.260e+03    -2.407e+02    3.486e+02    1.007e+03
1.063e+01    -7.420e+05    -1.727e+04    -1.064e+07    3.817e+03    -4.448e+06    1.899e+04
1.139e+01    -1.023e+03    4.161e+03    1.496e+03    -1.986e+02    2.356e+02    1.010e+03
1.215e+01    -1.196e+03    4.525e+03    1.588e+03    -2.137e+02    7.843e+01    9.466e+02
1.291e+01    -1.099e+03    4.351e+03    1.803e+03    -1.890e+02    3.937e+02    9.707e+02
1.367e+01    -1.269e+03    4.403e+03    1.734e+03    -1.854e+02    1.058e+02    9.226e+02
1.443e+01    -1.323e+03    4.854e+03    1.803e+03    -2.089e+02    -4.538e+01    8.084e+02
1.519e+01    -1.272e+03    4.542e+03    1.803e+03    -1.830e+02    -1.653e+02    1.046e+03
180
7.595e-01    3.051e-02    1.096e-04    3.242e+02    6.762e-04    2.996e+01    2.239e-04
1.519e+00    2.375e+00    1.661e-03    1.085e+03    3.095e-03    1.244e+02    2.302e-03
2.279e+00    2.947e+01    6.709e-03    2.427e+03    1.500e-02    4.598e+02    5.439e-03
3.038e+00    1.196e+02    1.146e-01    4.871e+03    1.019e-01    1.572e+03    1.680e-01
3.798e+00    -1.820e+02    9.951e-01    9.725e+03    5.499e-01    2.371e+03    1.184e+00
4.557e+00    -2.167e+03    3.328e+00    1.345e+04    1.509e+00    -1.142e+03    3.516e+00
5.317e+00    -2.202e+03    1.786e+00    2.080e+03    8.685e-01    -1.671e+03    1.995e+00
6.076e+00    -1.330e+03    9.708e-01    -9.344e+01    4.027e-01    -4.748e-01    3.065e-01
6.836e+00    -1.246e+03    1.359e+00    -3.571e+02    2.993e-01    -1.482e+01    -1.998e-01
7.595e+00    -8.546e+02    1.907e+00    1.435e+02    1.986e-01    4.388e+02    -2.681e-01
8.355e+00    -9.534e+02    6.206e+00    5.547e+02    -3.666e-01    3.486e+02    -3.426e+00
9.114e+00    -9.569e+02    2.046e+00    7.974e+02    3.366e-01    3.576e+02    -8.445e-01
9.874e+00    2.306e+02    1.087e+03    -1.557e+04    -1.013e+02    -7.032e+03    -1.373e+03
1.063e+01    -8.702e+02    4.507e+02    -1.077e+04    -4.748e+01    -5.319e+03    -7.453e+02
1.139e+01    -1.063e+03    6.397e+00    1.399e+03    3.756e-01    2.311e+02    -4.327e+00
1.215e+01    -1.148e+03    6.865e+00    1.418e+03    7.032e-01    1.470e+02    -1.947e+00
1.291e+01    -1.193e+03    1.517e+01    1.317e+03    1.587e-02    8.925e+01    -1.596e+01
1.367e+01    -1.942e+03    2.028e+02    -1.243e+03    -6.491e+00    -2.245e+03    -1.881e+02
1.443e+01    -1.238e+03    3.883e+01    1.567e+03    -3.216e+00    -1.439e+02    -4.778e+01
1.519e+01    -1.142e+03    2.288e+01    1.562e+03    -7.934e-02    3.696e+01    -2.158e+01
