13 20
0
7.595e-01    6.275e-04    3.502e-04    3.224e+02    1.259e-05    2.485e+01    -2.996e-04
1.519e+00    6.033e-03    8.841e-04    1.038e+03    4.057e-04    8.234e+01    5.349e-04
2.279e+00    8.910e-02    1.572e-02    2.184e+03    -4.388e-03    2.383e+02    2.672e-03
3.038e+00    7.333e-01    1.070e-01    3.727e+03    8.384e-02    8.835e+02    1.412e-01
3.798e+00    2.878e+01    4.091e-01    6.015e+03    3.035e-01    2.930e+03    4.658e-01
4.557e+00    3.224e+02    7.142e-01    8.026e+03    5.379e-01    6.611e+03    6.010e-01
5.317e+00    5.634e+02    4.871e-01    5.339e+03    4.027e-01    6.852e+03    4.718e-02
6.076e+00    6.778e+02    2.947e-01    3.224e+03    1.716e-01    6.010e+03    -1.653e-01
6.836e+00    9.101e+02    6.189e-01    4.386e+03    2.044e-01    6.942e+03    -3.907e-01
7.595e+00    4.698e+02    6.067e-01    2.427e+03    1.563e-01    3.937e+03    -6.341e-01
8.355e+00    3.831e+02    6.709e-01    1.768e+03    9.797e-02    3.035e+03    -6.912e-01
9.114e+00    3.207e+02    7.056e-01    1.526e+03    7.303e-02    2.488e+03    -7.994e-01
9.874e+00    2.878e+02    8.390e-01    1.383e+03    2.741e-02    2.176e+03    -8.565e-01
1.063e+01    2.704e+02    9.691e-01    1.297e+03    2.867e-02    1.986e+03    -1.121e+00
1.139e+01    2.652e+02    5.669e-01    1.167e+03    5.770e-02    1.830e+03    -1.412e+00
1.215e+01    2.444e+02    2.514e+00    1.160e+03    -2.215e-01    1.704e+03    -2.948e+00
1.291e+01    2.340e+02    1.713e+00    1.103e+03    -1.010e-01    1.593e+03    -1.959e+00
1.367e+01    2.254e+02    1.317e+00    1.045e+03    1.548e-02    1.497e+03    -1.728e+00
1.443e+01    2.479e+02    2.635e+01    7.385e+02    -2.266e+00    1.304e+03    -3.035e+01
1.519e+01    2.150e+02    1.434e+00    9.586e+02    1.364e-03    1.349e+03    -1.584e+00
15
7.595e-01    4.108e-04    2.392e-03    3.224e+02    6.131e-04    2.485e+01    3.576e-02
1.519e+00    5.686e-03    1.484e-02    1.040e+03    5.289e-02    8.264e+01    8.414e-01
2.279e+00    2.098e+01    -3.294e+00    2.167e+04    3.456e+01    9.346e+03    -7.152e+01
3.038e+00    6.553e-01    1.434e+00    3.762e+03    -2.654e+00    8.384e+02    -1.650e+01
3.798e+00    2.652e+01    9.188e+00    5.963e+03    -4.177e+00    2.741e+03    -1.866e+02
4.557e+00    3.155e+02    9.448e+01    8.061e+03    -1.986e+01    6.461e+03    -5.590e+02
5.317e+00    6.171e+02    4.369e+02    5.755e+03    -1.070e+02    7.423e+03    -6.641e+02
6.076e+00    6.605e+02    8.824e+02    2.878e+03    -2.065e+02    6.161e+03    -3.185e+02
6.836e+00    9.760e+02    8.026e+02    4.230e+03    -1.950e+02    7.423e+03    -5.530e+02
7.595e+00    5.478e+02    6.917e+02    2.271e+03    -2.509e+02    4.297e+03    -5.319e+02
8.355e+00    4.421e+02    8.044e+02    1.617e+03    -2.942e+02    3.185e+03    -5.560e+02
9.114e+00    3.727e+02    7.905e+02    1.382e+03    -3.155e+02    2.518e+03    -4.898e+02
9.874e+00    3.554e+02    8.252e+02    1.330e+03    -3.366e+02    2.206e+03    -5.049e+02
1.063e+01    3.363e+02    8.737e+02    1.323e+03    -3.456e+02    2.001e+03    -4.989e+02
1.139e+01    3.242e+02    9.118e+02    1.253e+03    -3.426e+02    1.836e+03    -4.778e+02
1.215e+01    3.034e+02    8.772e+02    1.286e+03    -3.486e+02    1.722e+03    -4.748e+02
1.291e+01    2.912e+02    8.945e+02    1.271e+03    -3.426e+02    1.638e+03    -4.778e+02
1.367e+01    2.808e+02    8.962e+02    1.239e+03    -3.366e+02    1.572e+03    -4.898e+02
1.443e+01    2.392e+02    1.364e+03    4.854e+01    -3.306e+02    9.947e+02    -4.688e+02
1.519e+01    2.583e+02    9.760e+02    1.201e+03    -3.185e+02    1.488e+03    -5.199e+02
30
7.595e-01    -2.271e-04    3.467e-03    3.224e+02    7.152e-04    2.488e+01    5.439e-02
1.519e+00    3.848e-03    1.699e-02    1.047e+03    7.633e-02    8.294e+01    1.349e+00
2.279e+00    7.316e+01    -4.490e+00    7.073e+04    5.109e+01    3.246e+04    -1.040e+02
3.038e+00    4.715e-01    1.838e+00    3.866e+03    -3.636e+00    7.273e+02    -8.204e+00
3.798e+00    1.994e+01    1.215e+01    5.911e+03    -4.778e+00    2.227e+03    -2.221e+02
4.557e+00    2.791e+02    1.506e+02    8.182e+03    -2.362e+01    5.830e+03    -8.054e+02
5.317e+00    7.628e+02    8.512e+02    7.281e+03    -1.779e+02    8.775e+03    -1.259e+03
6.076e+00    7.281e+02    2.098e+03    3.016e+03    -4.598e+02    7.363e+03    -6.281e+02
6.836e+00    9.118e+02    2.618e+03    3.554e+03    -5.530e+02    7.753e+03    -4.688e+02
7.595e+00    8.165e+02    2.514e+03    2.479e+03    -6.161e+02    5.860e+03    -8.565e+02
8.355e+00    4.438e+02    2.895e+03    1.496e+03    -7.363e+02    3.366e+03    -5.890e+02
9.114e+00    4.334e+02    3.086e+03    1.399e+03    -7.753e+02    2.687e+03    -7.152e+02
9.874e+00    3.727e+02    3.259e+03    1.558e+03    -7.964e+02    2.293e+03    -7.483e+02
1.063e+01    3.571e+02    3.311e+03    1.688e+03    -7.843e+02    2.047e+03    -8.114e+02
1.139e+01    4.108e+02    3.467e+03    1.259e+03    -7.333e+02    2.010e+03    -9.586e+02
1.215e+01    3.727e+02    3.207e+03    1.649e+03    -7.303e+02    1.944e+03    -1.034e+03
1.291e+01    3.571e+02    3.172e+03    1.751e+03    -6.822e+02    1.944e+03    -1.082e+03
1.367e+01    3.536e+02    2.982e+03    1.524e+03    -6.461e+02    1.884e+03    -1.160e+03
1.443e+01    2.843e+02    7.870e+03    -1.690e+04    -7.934e+02    -5.710e+03    -3.787e+03
1.519e+01    3.658e+02    3.675e+03    2.063e+03    -5.680e+02    1.983e+03    -1.340e+03
45
7.595e-01    -1.205e-03    3.744e-03    3.242e+02    2.984e-04    2.491e+01    4.989e-02
1.519e+00    -5.738e-05    1.338e-02    1.052e+03    6.401e-02    8.354e+01    1.373e+00
2.279e+00    1.324e+02    -3.727e+00    1.278e+05    4.388e+01    5.920e+04    -8.925e+01
3.038e+00    2.826e-01    1.311e+00    4.004e+03    -2.551e+00    5.950e+02    1.983e+01
3.798e+00    1.113e+01    8.668e+00    5.929e+03    -1.455e+00    1.554e+03    -8.925e+01
4.557e+00    1.959e+02    1.350e+02    8.460e+03    -5.710e+00    4.418e+03    -5.229e+02
5.317e+00    8.494e+02    1.009e+03    1.012e+04    -1.379e+02    9.346e+03    -1.262e+03
6.076e+00    1.295e+03    3.294e+03    7.385e+03    -5.289e+02    1.136e+04    -1.190e+03
6.836e+00    6.691e+02    5.426e+03    3.311e+03    -9.586e+02    7.783e+03    -1.680e+02
7.595e+00    7.385e+02    6.015e+03    3.866e+03    -1.022e+03    7.273e+03    -5.019e+02
8.355e+00    6.327e+02    6.171e+03    2.652e+03    -9.917e+02    4.868e+03    -1.043e+03
9.114e+00    3.831e+02    6.466e+03    2.444e+03    -9.977e+02    3.185e+03    -9.256e+02
9.874e+00    4.386e+02    6.639e+03    2.652e+03    -9.797e+02    2.861e+03    -1.157e+03
1.063e+01    3.935e+02    6.674e+03    2.791e+03    -9.316e+02    2.494e+03    -1.220e+03
1.139e+01    8.650e+02    7.662e+03    -2.444e+03    -8.655e+02    2.071e+03    -1.494e+03
1.215e+01    4.750e+02    6.535e+03    2.739e+03    -9.196e+02    2.281e+03    -1.310e+03
1.291e+01    4.039e+02    6.830e+03    3.467e+03    -8.565e+02    2.278e+03    -1.304e+03
1.367e+01    4.056e+02    6.691e+03    3.380e+03    -8.174e+02    2.353e+03    -1.394e+03
1.443e+01    2.306e+02    8.026e+03    -8.078e+03    -8.174e+02    -1.965e+03    -2.867e+03
1.519e+01    3.710e+02    7.420e+03    3.415e+03    -7.453e+02    2.347e+03    -1.415e+03
60
7.595e-01    -2.184e-03    2.774e-03    3.242e+02    -2.398e-04    2.491e+01    3.246e-02
1.519e+00    -5.149e-03    1.019e-02    1.057e+03    3.426e-02    8.354e+01    1.019e+00
2.279e+00    1.786e+02    -1.619e+00    1.732e+05    2.524e+01    8.054e+04    -4.838e+01
3.038e+00    2.063e-01    5.825e-01    4.108e+03    -7.122e-01    4.838e+02    3.877e+01
3.798e+00    3.935e+00    4.386e+00    5.963e+03    1.554e+00    9.677e+02    6.461e+01
4.557e+00    8.546e+01    7.454e+01    8.529e+03    1.025e+01    2.590e+03    1.719e+01
5.317e+00    5.894e+02    7.246e+02    1.229e+04    -2.813e+01    6.972e+03    -3.185e+02
6.076e+00    1.820e+03    3.467e+03    1.583e+04    -2.642e+02    1.424e+04    -1.058e+03
6.836e+00    2.011e+03    7.420e+03    1.089e+04    -8.084e+02    1.578e+04    -1.491e+03
7.595e+00    7.992e+02    8.893e+03    5.738e+03    -1.130e+03    8.445e+03    -7.453e+02
8.355e+00    3.190e+02    9.500e+03    5.097e+03    -1.223e+03    5.499e+03    -3.817e+02
9.114e+00    4.837e+02    1.002e+04    4.958e+03    -1.211e+03    5.019e+03    -8.865e+02
9.874e+00    4.473e+02    1.011e+04    4.403e+03    -1.127e+03    3.696e+03    -7.693e+02
1.063e+01    2.860e+02    1.045e+04    4.525e+03    -1.079e+03    3.216e+03    -5.980e+02
1.139e+01    3.155e+02    1.051e+04    4.715e+03    -1.055e+03    3.125e+03    -7.513e+02
1.215e+01    2.947e+02    1.037e+04    4.143e+03    -1.019e+03    2.882e+03    -7.092e+02
1.291e+01    2.739e+02    1.040e+04    4.646e+03    -9.556e+02    2.945e+03    -8.384e+02
1.367e+01    2.618e+02    1.030e+04    4.282e+03    -9.286e+02    2.894e+03    -7.994e+02
1.443e+01    2.219e+02    1.047e+04    4.473e+03    -8.745e+02    2.897e+03    -8.475e+02
1.519e+01    2.531e+02    1.070e+04    4.629e+03    -8.655e+02    2.897e+03    -9.977e+02
75
7.595e-01    -2.826e-03    1.161e-03    3.259e+02    -3.636e-04    2.488e+01    1.412e-02
1.519e+00    -9.101e-03    1.600e-03    1.059e+03    1.064e-02    8.354e+01    5.139e-01
2.279e+00    2.028e+02    6.414e-01    1.976e+05    1.214e+01    9.286e+04    -8.985e+00
3.038e+00    2.479e-01    2.375e-01    4.143e+03    2.062e-01    4.147e+02    2.972e+01
3.798e+00    7.368e-01    3.744e+00    5.894e+03    1.136e+00    6.131e+02    9.046e+01
4.557e+00    1.392e+01    5.079e+01    7.992e+03    2.795e+00    1.172e+03    2.188e+02
5.317e+00    1.408e+02    5.131e+02    1.094e+04    -2.305e+01    2.774e+03    4.027e+02
6.076e+00    6.518e+02    3.502e+03    1.517e+04    -2.909e+02    6.942e+03    5.049e+02
6.836e+00    1.175e+03    9.066e+03    1.624e+04    -9.016e+02    1.406e+04    -4.928e+02
7.595e+00    1.250e+03    1.187e+04    1.217e+04    -1.268e+03    1.403e+04    -1.854e+03
8.355e+00    1.031e+03    1.288e+04    8.408e+03    -1.319e+03    1.037e+04    -1.806e+03
9.114e+00    5.859e+02    1.288e+04    6.553e+03    -1.265e+03    6.942e+03    -9.016e+02
9.874e+00    2.080e+02    1.290e+04    6.102e+03    -1.184e+03    4.748e+03    -1.202e+02
1.063e+01    7.558e+00    1.291e+04    5.998e+03    -1.151e+03    3.847e+03    1.100e+02
1.139e+01    2.375e+01    1.293e+04    5.374e+03    -1.100e+03    3.546e+03    -4.237e+01
1.215e+01    1.558e+02    1.317e+04    5.270e+03    -1.082e+03    3.847e+03    -2.861e+02
1.291e+01    1.187e+02    1.316e+04    5.495e+03    -9.917e+02    3.576e+03    -1.638e+02
1.367e+01    8.252e+01    1.305e+04    5.443e+03    -9.406e+02    3.276e+03    -6.010e+01
1.443e+01    1.768e+02    1.283e+04    7.784e+01    -8.985e+02    1.205e+03    -1.415e+03
1.519e+01    1.184e+02    1.337e+04    5.443e+03    -8.745e+02    3.216e+03    -2.025e+02
90
7.595e-01    -3.103e-03    6.241e-05    3.259e+02    -5.710e-06    2.488e+01    9.707e-05
1.519e+00    -1.082e-02    -7.558e-05    1.059e+03    -8.535e-06    8.354e+01    7.483e-04
2.279e+00    2.098e+02    1.264e+00    2.063e+05    9.256e+00    9.647e+04    1.905e+01
3.038e+00    2.808e-01    2.063e-01    4.143e+03    -9.857e-02    3.937e+02    6.852e-03
3.798e+00    2.982e-01    4.403e+00    5.825e+03    -1.094e+00    4.898e+02    3.937e-01
4.557e+00    2.254e-01    5.825e+01    7.541e+03    -8.475e+00    5.590e+02    8.294e+00
5.317e+00    -7.541e+00    5.859e+02    9.084e+03    -6.371e+01    4.538e+02    9.887e+01
6.076e+00    -1.803e+02    4.126e+03    8.754e+03    -4.568e+02    9.617e+01    8.264e+02
6.836e+00    -8.494e+02    1.051e+04    5.513e+03    -1.202e+03    1.692e+03    1.118e+03
7.595e+00    -8.304e+02    1.260e+04    3.970e+03    -1.370e+03    2.599e+03    2.359e+01
8.355e+00    -5.963e+02    1.297e+04    3.640e+03    -1.289e+03    2.377e+03    -2.275e+02
9.114e+00    -4.611e+02    1.317e+04    3.675e+03    -1.202e+03    2.146e+03    1.464e+01
9.874e+00    -3.848e+02    1.354e+04    4.126e+03    -1.124e+03    2.044e+03    3.486e+02
1.063e+01    -3.502e+02    1.373e+04    4.369e+03    -1.079e+03    2.007e+03    6.100e+02
1.139e+01    -2.999e+02    1.383e+04    4.161e+03    -1.028e+03    1.920e+03    7.994e+02
1.215e+01    -2.860e+02    1.430e+04    4.663e+03    -8.745e+02    2.107e+03    9.106e+02
1.291e+01    -2.514e+02    1.425e+04    4.941e+03    -9.406e+02    2.179e+03    9.556e+02
1.367e+01    -2.202e+02    1.425e+04    5.010e+03    -9.166e+02    2.263e+03    9.677e+02
1.443e+01    -1.590e+02    1.413e+04    1.678e+03    -8.865e+02    9.256e+02    2.804e+02
1.519e+01    -1.924e+02    1.422e+04    5.218e+03    -8.505e+02    2.452e+03    8.084e+02
105
7.595e-01    -2.860e-03    -1.253e-03    3.259e+02    3.216e-04    2.488e+01    -1.376e-02
1.519e+00    -9.136e-03    -2.392e-03    1.059e+03    -1.067e-02    8.354e+01    -5.139e-01
2.279e+00    2.028e+02    2.583e+00    1.976e+05    5.439e+00    9.286e+04    4.568e+01
3.038e+00    2.150e-01    1.541e-01    4.143e+03    -3.877e-01    4.147e+02    -2.969e+01
3.798e+00    -2.375e-01    3.848e+00    5.894e+03    -2.711e+00    5.590e+02    -8.985e+01
4.557e+00    -1.272e+01    5.253e+01    7.905e+03    -1.587e+01    6.010e+02    -2.065e+02
5.317e+00    -1.333e+02    5.305e+02    1.025e+04    -1.007e+02    1.593e+02    -2.783e+02
6.076e+00    -6.379e+02    3.727e+03    1.156e+04    -4.959e+02    -7.152e+02    5.499e+02
6.836e+00    -1.186e+03    9.222e+03    7.056e+03    -9.256e+02    5.499e+02    1.304e+03
7.595e+00    -1.248e+03    1.085e+04    3.952e+03    -9.917e+02    -1.394e+02    7.273e+02
8.355e+00    -1.115e+03    1.125e+04    3.034e+03    -9.827e+02    -1.130e+03    1.082e+03
9.114e+00    -8.893e+02    1.160e+04    3.051e+03    -9.617e+02    -8.985e+02    1.581e+03
9.874e+00    -6.119e+02    1.210e+04    3.987e+03    -9.647e+02    1.971e+02    1.740e+03
1.063e+01    -3.710e+02    1.246e+04    4.611e+03    -9.857e+02    1.286e+03    1.581e+03
1.139e+01    -2.306e+02    1.274e+04    4.923e+03    -9.797e+02    1.920e+03    1.259e+03
1.215e+01    -2.202e+02    1.290e+04    4.611e+03    -9.256e+02    1.902e+03    1.262e+03
1.291e+01    -3.016e+02    1.309e+04    4.646e+03    -8.955e+02    1.725e+03    1.445e+03
1.367e+01    -3.034e+02    1.319e+04    4.542e+03    -8.775e+02    1.776e+03    1.518e+03
1.443e+01    -2.150e+02    1.288e+04    1.714e+03    -8.174e+02    9.226e+02    8.985e+02
1.519e+01    -2.704e+02    1.338e+04    4.819e+03    -7.964e+02    1.872e+03    1.415e+03
120
7.595e-01    -2.115e-03    -2.600e-03    3.242e+02    2.284e-04    2.491e+01    -3.216e-02
1.519e+00    -5.010e-03    -7.593e-03    1.057e+03    -3.426e-02    8.354e+01    -1.019e+00
2.279e+00    1.768e+02    3.779e+00    1.730e+05    -1.049e+01    8.054e+04    8.054e+01
3.038e+00    1.267e-01    -2.635e-01    4.108e+03    5.800e-01    4.808e+02    -3.877e+01
3.798e+00    -2.808e+00    2.964e+00    5.946e+03    -2.218e+00    8.354e+02    -6.431e+01
4.557e+00    -7.853e+01    7.402e+01    8.096e+03    -2.777e+01    1.142e+03    -2.013e+01
5.317e+00    -5.426e+02    7.645e+02    1.002e+04    -1.749e+02    5.950e+02    3.366e+02
6.076e+00    -1.548e+03    3.796e+03    1.035e+04    -5.289e+02    -9.076e+02    1.779e+03
6.836e+00    -1.709e+03    7.524e+03    3.484e+03    -6.341e+02    -1.554e+03    2.930e+03
7.595e+00    -9.933e+02    9.240e+03    8.997e+02    -8.204e+02    -5.800e+02    2.290e+03
8.355e+00    -4.681e+02    1.005e+04    2.098e+03    -9.737e+02    9.917e+02    1.238e+03
9.114e+00    -4.542e+02    1.031e+04    2.583e+03    -9.737e+02    7.212e+02    1.409e+03
9.874e+00    -4.889e+02    1.064e+04    2.618e+03    -9.346e+02    5.800e+02    2.131e+03
1.063e+01    -4.230e+02    1.078e+04    3.051e+03    -8.595e+02    9.316e+02    2.128e+03
1.139e+01    -4.074e+02    1.090e+04    2.912e+03    -8.835e+02    8.475e+02    2.191e+03
1.215e+01    -4.282e+02    1.083e+04    3.068e+03    -8.445e+02    8.835e+02    2.119e+03
1.291e+01    -4.611e+02    1.080e+04    3.380e+03    -8.054e+02    8.384e+02    2.224e+03
1.367e+01    -4.577e+02    1.083e+04    3.311e+03    -7.663e+02    8.505e+02    2.028e+03
1.443e+01    8.356e+01    1.151e+04    -4.785e+03    -7.092e+02    -1.956e+03    6.371e+02
1.519e+01    -4.681e+02    1.085e+04    3.519e+03    -7.212e+02    6.792e+02    2.308e+03
135
7.595e-01    -1.153e-03    -3.640e-03    3.242e+02    -2.798e-04    2.491e+01    -5.019e-02
1.519e+00    -7.385e-05    -1.194e-02    1.052e+03    -6.371e-02    8.354e+01    -1.370e+00
2.279e+00    1.321e+02    5.547e+00    1.278e+05    -3.396e+01    5.920e+04    1.133e+02
3.038e+00    1.291e-01    -1.016e+00    4.004e+03    2.500e+00    5.890e+02    -1.971e+01
3.798e+00    -8.356e+00    1.803e+00    5.859e+03    8.985e-01    1.322e+03    8.895e+01
4.557e+00    -1.820e+02    1.167e+02    7.524e+03    -3.065e+01    1.971e+03    5.049e+02
5.317e+00    -8.078e+02    1.059e+03    7.160e+03    -2.001e+02    1.295e+03    1.265e+03
6.076e+00    -1.250e+03    3.744e+03    4.299e+03    -5.349e+02    3.216e+02    1.686e+03
6.836e+00    -7.732e+02    6.119e+03    1.676e+01    -7.633e+02    2.795e+02    7.483e+02
7.595e+00    -5.825e+02    6.830e+03    -4.577e+01    -8.505e+02    1.442e+02    4.087e+02
8.355e+00    -6.154e+02    7.090e+03    1.855e+02    -8.294e+02    -1.202e+02    1.551e+03
9.114e+00    -5.079e+02    7.402e+03    1.066e+03    -8.535e+02    3.516e+02    1.743e+03
9.874e+00    -5.686e+02    7.645e+03    1.435e+03    -8.565e+02    -4.928e+01    1.959e+03
1.063e+01    -5.409e+02    7.628e+03    1.602e+03    -8.054e+02    -1.019e+02    2.110e+03
1.139e+01    -1.659e+02    8.529e+03    -4.230e+03    -6.702e+02    -7.783e+02    2.233e+03
1.215e+01    -4.386e+02    7.316e+03    1.708e+03    -7.393e+02    -8.775e+01    2.056e+03
1.291e+01    -4.993e+02    7.506e+03    2.150e+03    -6.822e+02    -1.548e+02    2.200e+03
1.367e+01    -4.802e+02    7.298e+03    1.872e+03    -6.521e+02    -1.764e+02    2.185e+03
1.443e+01    7.316e+01    7.368e+03    -5.565e+03    -6.461e+02    -3.125e+03    2.194e+03
1.519e+01    -5.045e+02    7.888e+03    2.202e+03    -5.920e+02    -2.521e+02    2.239e+03
150
7.595e-01    -2.652e-04    -3.415e-03    3.224e+02    -7.393e-04    2.488e+01    -5.469e-02
1.519e+00    3.814e-03    -1.503e-02    1.047e+03    -7.603e-02    8.294e+01    -1.349e+00
2.279e+00    7.281e+01    5.547e+00    7.073e+04    -4.658e+01    3.246e+04    1.169e+02
3.038e+00    2.115e-01    -1.546e+00    3.866e+03    3.696e+00    7.212e+02    8.414e+00
3.798e+00    -1.586e+01    3.415e-01    5.790e+03    3.997e+00    1.890e+03    2.218e+02
4.557e+00    -2.652e+02    1.193e+02    6.934e+03    -2.128e+01    2.678e+03    7.843e+02
5.317e+00    -7.593e+02    9.014e+02    4.681e+03    -1.608e+02    1.473e+03    1.271e+03
6.076e+00    -8.096e+02    2.479e+03    8.910e+02    -4.207e+02    -2.016e+02    7.002e+02
6.836e+00    -7.714e+02    3.242e+03    -6.639e+02    -5.139e+02    -1.082e+03    9.887e+01
7.595e+00    -6.033e+02    3.432e+03    -9.344e+02    -5.379e+02    -5.980e+02    7.152e+02
8.355e+00    -3.831e+02    3.900e+03    -3.571e+02    -6.581e+02    1.653e+02    7.002e+02
9.114e+00    -4.213e+02    4.195e+03    -9.240e+00    -7.182e+02    -1.506e+02    9.677e+02
9.874e+00    -4.091e+02    4.299e+03    3.866e+02    -7.182e+02    -2.533e+02    1.097e+03
1.063e+01    -4.213e+02    4.334e+03    6.466e+02    -6.972e+02    -4.267e+02    1.280e+03
1.139e+01    -3.311e+02    4.421e+03    -3.034e+02    -6.251e+02    -5.950e+02    1.334e+03
1.215e+01    -3.675e+02    3.970e+03    4.265e+02    -6.431e+02    -6.792e+02    1.379e+03
1.291e+01    -3.692e+02    3.883e+03    6.726e+02    -5.950e+02    -6.702e+02    1.373e+03
1.367e+01    -3.207e+02    3.675e+03    4.455e+02    -5.620e+02    -7.212e+02    1.319e+03
1.443e+01    5.357e+02    8.096e+03    -1.590e+04    -6.942e+02    -6.942e+03    1.229e+03
1.519e+01    -4.213e+02    4.282e+03    1.111e+03    -4.898e+02    -7.212e+02    1.680e+03
165
7.595e-01    4.577e-04    -1.838e-03    3.224e+02    -6.371e-04    2.485e+01    -3.606e-02
1.519e+00    5.495e-03    -1.373e-02    1.040e+03    -5.229e-02    8.264e+01    -8.414e-01
2.279e+00    2.098e+01    3.744e+00    2.167e+04    -3.396e+01    9.346e+03    7.513e+01
3.038e+00    2.930e-01    -1.174e+00    3.762e+03    2.774e+00    8.324e+02    1.677e+01
3.798e+00    -2.236e+01    -2.427e-01    5.807e+03    3.787e+00    2.332e+03    1.866e+02
4.557e+00    -3.051e+02    7.194e+01    6.674e+03    -9.707e+00    3.035e+03    5.469e+02
5.317e+00    -6.362e+02    4.681e+02    3.536e+03    -8.715e+01    1.184e+03    6.732e+02
6.076e+00    -7.194e+02    1.054e+03    2.722e+02    -2.044e+02    -1.163e+03    2.545e+02
6.836e+00    -7.454e+02    1.087e+03    -9.066e+01    -1.911e+02    -1.415e+03    3.035e+02
7.595e+00    -3.692e+02    1.118e+03    -3.883e+02    -2.290e+02    -3.216e+02    4.838e+02
8.355e+00    -2.999e+02    1.295e+03    -3.242e+02    -3.065e+02    -3.606e+02    4.147e+02
9.114e+00    -2.774e+02    1.361e+03    -1.616e+02    -3.396e+02    -4.147e+02    4.568e+02
9.874e+00    -2.670e+02    1.434e+03    4.715e-01    -3.696e+02    -4.868e+02    4.868e+02
1.063e+01    -2.514e+02    1.463e+03    1.527e+02    -3.847e+02    -5.169e+02    4.898e+02
1.139e+01    -2.358e+02    1.482e+03    2.427e+02    -3.847e+02    -5.349e+02    5.019e+02
1.215e+01    -2.323e+02    1.432e+03    3.346e+02    -3.907e+02    -5.469e+02    5.319e+02
1.291e+01    -2.219e+02    1.406e+03    3.796e+02    -3.817e+02    -5.409e+02    5.469e+02
1.367e+01    -2.063e+02    1.340e+03    3.606e+02    -3.726e+02    -5.289e+02    5.409e+02
1.443e+01    1.786e+02    2.358e+03    -3.519e+03    -3.306e+02    -1.641e+03    -2.696e+02
1.519e+01    -1.942e+02    1.449e+03    4.507e+02    -3.396e+02    -5.079e+02    5.800e+02
180
7.595e-01    6.414e-04    3.207e-04    3.224e+02    4.568e-06    2.485e+01    -1.578e-04
1.519e+00    6.050e-03    4.403e-04    1.038e+03    3.787e-04    8.234e+01    4.087e-04
2.279e+00    8.529e-02    1.557e-02    2.184e+03    -6.161e-03    2.386e+02    3.937e-03
3.038e+00    3.172e-01    1.109e-01    3.727e+03    8.384e-02    8.745e+02    1.430e-01
3.798e+00    -2.479e+01    4.265e-01    5.825e+03    3.125e-01    2.491e+03    5.109e-01
4.557e+00    -3.138e+02    9.188e-01    6.639e+03    6.131e-01    3.125e+03    9.586e-01
5.317e+00    -5.859e+02    7.610e-01    3.259e+03    5.590e-01    1.013e+03    6.912e-01
6.076e+00    -7.177e+02    4.438e-01    3.519e+02    3.907e-01    -1.445e+03    5.830e-01
6.836e+00    -6.778e+02    4.421e-01    2.930e+02    3.817e-01    -1.253e+03    6.191e-01
7.595e+00    -2.878e+02    3.016e-01    -3.450e+01    2.338e-01    -2.431e+02    1.473e-01
8.355e+00    -2.392e+02    2.427e-01    -1.071e+02    1.992e-01    -4.327e+02    7.693e-02
9.114e+00    -2.080e+02    3.779e-02    7.021e+00    1.869e-01    -4.418e+02    -1.461e-01
9.874e+00    -1.872e+02    2.219e-01    9.430e+01    1.211e-01    -4.989e+02    -9.106e-03
1.063e+01    -1.692e+02    9.951e-03    1.709e+02    1.274e-01    -5.199e+02    -1.148e-01
1.139e+01    -1.555e+02    1.051e+00    1.682e+02    -5.349e-02    -5.229e+02    -1.226e+00
1.215e+01    -1.389e+02    -7.021e-02    2.548e+02    9.556e-02    -5.109e+02    -3.336e-01
1.291e+01    -1.307e+02    -4.230e-02    2.774e+02    4.147e-02    -4.898e+02    -2.428e-01
1.367e+01    -1.231e+02    5.599e-02    2.826e+02    2.191e-02    -4.628e+02    -2.870e-01
1.443e+01    -1.002e+02    6.743e+00    1.734e+02    -6.762e-01    -4.207e+02    -1.064e+01
1.519e+01    -1.035e+02    1.279e-02    2.687e+02    -2.497e-02    -3.937e+02    -4.357e-01
