13 20
0
7.595e-01    -1.583e+00    -5.218e-03    6.674e+02    3.396e-02    2.993e+02    1.719e-03
1.519e+00    -3.276e+00    -2.618e-02    2.514e+03    1.614e-01    1.367e+03    3.486e-03
2.279e+00    1.255e+01    -4.421e-02    5.339e+03    3.366e-01    2.924e+03    5.800e-02
3.038e+00    2.011e+01    -3.848e-02    8.182e+03    4.628e-01    4.147e+03    4.237e-01
3.798e+00    0.000e+00    0.000e+00    0.000e+00    0.000e+00    0.000e+00    0.000e+00
4.557e+00    0.000e+00    0.000e+00    0.000e+00    0.000e+00    0.000e+00    0.000e+00
5.317e+00    0.000e+00    0.000e+00    0.000e+00    0.000e+00    0.000e+00    0.000e+00
6.076e+00    0.000e+00    0.000e+00    0.000e+00    0.000e+00    0.000e+00    0.000e+00
6.836e+00    0.000e+00    0.000e+00    0.000e+00    0.000e+00    0.000e+00    0.000e+00
7.595e+00    0.000e+00    0.000e+00    0.000e+00    0.000e+00    0.000e+00    0.000e+00
8.355e+00    0.000e+00    0.000e+00    0.000e+00    0.000e+00    0.000e+00    0.000e+00
9.114e+00    0.000e+00    0.000e+00    0.000e+00    0.000e+00    0.000e+00    0.000e+00
9.874e+00    0.000e+00    0.000e+00    0.000e+00    0.000e+00    0.000e+00    0.000e+00
1.063e+01    0.000e+00    0.000e+00    0.000e+00    0.000e+00    0.000e+00    0.000e+00
1.139e+01    0.000e+00    0.000e+00    0.000e+00    0.000e+00    0.000e+00    0.000e+00
1.215e+01    0.000e+00    0.000e+00    0.000e+00    0.000e+00    0.000e+00    0.000e+00
1.291e+01    0.000e+00    0.000e+00    0.000e+00    0.000e+00    0.000e+00    0.000e+00
1.367e+01    0.000e+00    0.000e+00    0.000e+00    0.000e+00    0.000e+00    0.000e+00
1.443e+01    0.000e+00    0.000e+00    0.000e+00    0.000e+00    0.000e+00    0.000e+00
1.519e+01    0.000e+00    0.000e+00    0.000e+00    0.000e+00    0.000e+00    0.000e+00
15
7.595e-01    -1.106e+00    5.391e+00    6.830e+02    2.584e-01    3.005e+02    3.486e+00
1.519e+00    -2.548e+00    3.519e+01    2.548e+03    -7.783e-02    1.391e+03    -2.413e+01
2.279e+00    1.501e+01    1.007e+02    5.322e+03    -5.139e+00    3.005e+03    -2.795e+02
3.038e+00    2.358e+01    1.420e+02    7.784e+03    -1.632e+01    4.327e+03    -1.142e+03
3.798e+00    0.000e+00    0.000e+00    0.000e+00    0.000e+00    0.000e+00    0.000e+00
4.557e+00    0.000e+00    0.000e+00    0.000e+00    0.000e+00    0.000e+00    0.000e+00
5.317e+00    0.000e+00    0.000e+00    0.000e+00    0.000e+00    0.000e+00    0.000e+00
6.076e+00    0.000e+00    0.000e+00    0.000e+00    0.000e+00    0.000e+00    0.000e+00
6.836e+00    0.000e+00    0.000e+00    0.000e+00    0.000e+00    0.000e+00    0.000e+00
7.595e+00    0.000e+00    0.000e+00    0.000e+00    0.000e+00    0.000e+00    0.000e+00
8.355e+00    0.000e+00    0.000e+00    0.000e+00    0.000e+00    0.000e+00    0.000e+00
9.114e+00    0.000e+00    0.000e+00    0.000e+00    0.000e+00    0.000e+00    0.000e+00
9.874e+00    0.000e+00    0.000e+00    0.000e+00    0.000e+00    0.000e+00    0.000e+00
1.063e+01    0.000e+00    0.000e+00    0.000e+00    0.000e+00    0.000e+00    0.000e+00
1.139e+01    0.000e+00    0.000e+00    0.000e+00    0.000e+00    0.000e+00    0.000e+00
1.215e+01    0.000e+00    0.000e+00    0.000e+00    0.000e+00    0.000e+00    0.000e+00
1.291e+01    0.000e+00    0.000e+00    0.000e+00    0.000e+00    0.000e+00    0.000e+00
1.367e+01    0.000e+00    0.000e+00    0.000e+00    0.000e+00    0.000e+00    0.000e+00
1.443e+01    0.000e+00    0.000e+00    0.000e+00    0.000e+00    0.000e+00    0.000e+00
1.519e+01    0.000e+00    0.000e+00    0.000e+00    0.000e+00    0.000e+00    0.000e+00
30
7.595e-01    1.654e-01    1.044e+01    7.281e+02    5.139e-01    3.065e+02    9.136e+00
1.519e+00    -8.460e-01    7.073e+01    2.652e+03    -2.455e-01    1.458e+03    -1.884e+01
2.279e+00    2.132e+01    2.132e+02    5.339e+03    -1.133e+01    3.276e+03    -3.726e+02
3.038e+00    4.473e+01    3.311e+02    7.160e+03    -3.035e+01    4.928e+03    -1.545e+03
3.798e+00    1.146e+01    2.808e+02    7.298e+03    -5.830e+01    5.770e+03    -4.117e+03
4.557e+00    0.000e+00    0.000e+00    0.000e+00    0.000e+00    0.000e+00    0.000e+00
5.317e+00    0.000e+00    0.000e+00    0.000e+00    0.000e+00    0.000e+00    0.000e+00
6.076e+00    0.000e+00    0.000e+00    0.000e+00    0.000e+00    0.000e+00    0.000e+00
6.836e+00    0.000e+00    0.000e+00    0.000e+00    0.000e+00    0.000e+00    0.000e+00
7.595e+00    0.000e+00    0.000e+00    0.000e+00    0.000e+00    0.000e+00    0.000e+00
8.355e+00    0.000e+00    0.000e+00    0.000e+00    0.000e+00    0.000e+00    0.000e+00
9.114e+00    0.000e+00    0.000e+00    0.000e+00    0.000e+00    0.000e+00    0.000e+00
9.874e+00    0.000e+00    0.000e+00    0.000e+00    0.000e+00    0.000e+00    0.000e+00
1.063e+01    0.000e+00    0.000e+00    0.000e+00    0.000e+00    0.000e+00    0.000e+00
1.139e+01    0.000e+00    0.000e+00    0.000e+00    0.000e+00    0.000e+00    0.000e+00
1.215e+01    0.000e+00    0.000e+00    0.000e+00    0.000e+00    0.000e+00    0.000e+00
1.291e+01    0.000e+00    0.000e+00    0.000e+00    0.000e+00    0.000e+00    0.000e+00
1.367e+01    0.000e+00    0.000e+00    0.000e+00    0.000e+00    0.000e+00    0.000e+00
1.443e+01    0.000e+00    0.000e+00    0.000e+00    0.000e+00    0.000e+00    0.000e+00
1.519e+01    0.000e+00    0.000e+00    0.000e+00    0.000e+00    0.000e+00    0.000e+00
45
7.595e-01    1.820e+00    1.480e+01    7.888e+02    7.994e-01    3.155e+02    1.788e+01
1.519e+00    7.472e-01    1.057e+02    2.791e+03    -5.530e-01    1.566e+03    2.903e+01
2.279e+00    2.514e+01    3.328e+02    5.547e+03    -2.095e+01    3.636e+03    -2.113e+02
3.038e+00    8.564e+01    5.859e+02    7.246e+03    -6.131e+01    5.860e+03    -1.106e+03
3.798e+00    9.847e+01    6.414e+02    6.449e+03    -9.046e+01    7.423e+03    -2.996e+03
4.557e+00    1.170e+01    4.074e+02    2.843e+03    -8.324e+01    7.393e+03    -5.259e+03
5.317e+00    0.000e+00    0.000e+00    0.000e+00    0.000e+00    0.000e+00    0.000e+00
6.076e+00    0.000e+00    0.000e+00    0.000e+00    0.000e+00    0.000e+00    0.000e+00
6.836e+00    0.000e+00    0.000e+00    0.000e+00    0.000e+00    0.000e+00    0.000e+00
7.595e+00    0.000e+00    0.000e+00    0.000e+00    0.000e+00    0.000e+00    0.000e+00
8.355e+00    0.000e+00    0.000e+00    0.000e+00    0.000e+00    0.000e+00    0.000e+00
9.114e+00    0.000e+00    0.000e+00    0.000e+00    0.000e+00    0.000e+00    0.000e+00
9.874e+00    0.000e+00    0.000e+00    0.000e+00    0.000e+00    0.000e+00    0.000e+00
1.063e+01    0.000e+00    0.000e+00    0.000e+00    0.000e+00    0.000e+00    0.000e+00
1.139e+01    0.000e+00    0.000e+00    0.000e+00    0.000e+00    0.000e+00    0.000e+00
1.215e+01    0.000e+00    0.000e+00    0.000e+00    0.000e+00    0.000e+00    0.000e+00
1.291e+01    0.000e+00    0.000e+00    0.000e+00    0.000e+00    0.000e+00    0.000e+00
1.367e+01    0.000e+00    0.000e+00    0.000e+00    0.000e+00    0.000e+00    0.000e+00
1.443e+01    0.000e+00    0.000e+00    0.000e+00    0.000e+00    0.000e+00    0.000e+00
1.519e+01    0.000e+00    0.000e+00    0.000e+00    0.000e+00    0.000e+00    0.000e+00
60
7.595e-01    3.346e+00    1.820e+01    8.477e+02    1.091e+00    3.246e+02    2.906e+01
1.519e+00    1.135e+00    1.369e+02    2.999e+03    -1.331e+00    1.695e+03    1.118e+02
2.279e+00    1.524e+01    4.265e+02    5.929e+03    -3.366e+01    3.997e+03    1.674e+02
3.038e+00    7.038e+01    7.766e+02    8.217e+03    -9.707e+01    6.792e+03    3.997e+02
3.798e+00    1.340e+02    9.465e+02    1.097e+04    -1.455e+02    1.100e+04    9.406e+02
4.557e+00    1.709e+02    8.148e+02    1.139e+04    -1.686e+02    1.370e+04    -4.748e+02
5.317e+00    1.751e+02    4.421e+02    4.542e+03    -1.587e+02    1.079e+04    -3.216e+03
6.076e+00    1.685e+02    2.098e+01    -3.467e+02    -1.091e+02    7.603e+03    -3.907e+03
6.836e+00    2.410e+02    -1.536e+01    -1.820e+03    -5.770e+01    5.079e+03    -2.329e+03
7.595e+00    0.000e+00    0.000e+00    0.000e+00    0.000e+00    0.000e+00    0.000e+00
8.355e+00    0.000e+00    0.000e+00    0.000e+00    0.000e+00    0.000e+00    0.000e+00
9.114e+00    0.000e+00    0.000e+00    0.000e+00    0.000e+00    0.000e+00    0.000e+00
9.874e+00    0.000e+00    0.000e+00    0.000e+00    0.000e+00    0.000e+00    0.000e+00
1.063e+01    0.000e+00    0.000e+00    0.000e+00    0.000e+00    0.000e+00    0.000e+00
1.139e+01    0.000e+00    0.000e+00    0.000e+00    0.000e+00    0.000e+00    0.000e+00
1.215e+01    0.000e+00    0.000e+00    0.000e+00    0.000e+00    0.000e+00    0.000e+00
1.291e+01    0.000e+00    0.000e+00    0.000e+00    0.000e+00    0.000e+00    0.000e+00
1.367e+01    0.000e+00    0.000e+00    0.000e+00    0.000e+00    0.000e+00    0.000e+00
1.443e+01    0.000e+00    0.000e+00    0.000e+00    0.000e+00    0.000e+00    0.000e+00
1.519e+01    0.000e+00    0.000e+00    0.000e+00    0.000e+00    0.000e+00    0.000e+00
75
7.595e-01    4.351e+00    2.028e+01    8.928e+02    1.334e+00    3.366e+02    4.087e+01
1.519e+00    2.462e-01    1.578e+02    3.190e+03    -2.536e+00    1.821e+03    2.062e+02
2.279e+00    -1.264e+01    4.369e+02    6.397e+03    -3.576e+01    4.357e+03    7.483e+02
3.038e+00    1.959e+01    9.569e+02    1.283e+04    -2.909e+02    6.251e+03    -2.684e+03
3.798e+00    -3.276e+01    1.168e+03    8.720e+03    -3.426e+02    4.928e+03    -1.355e+03
4.557e+00    -4.923e+01    1.309e+03    6.813e+03    -3.877e+02    4.027e+03    -9.196e+02
5.317e+00    8.685e+00    1.274e+03    4.837e+03    -3.546e+02    3.486e+03    -4.117e+02
6.076e+00    1.432e+02    1.078e+03    3.086e+03    -2.512e+02    3.576e+03    -1.202e+01
6.836e+00    2.947e+02    8.234e+02    1.732e+03    -1.262e+02    3.877e+03    1.181e+02
7.595e+00    3.952e+02    6.293e+02    8.338e+02    -5.530e+01    3.756e+03    -9.947e+00
8.355e+00    4.265e+02    4.906e+02    3.762e+02    -8.234e+01    2.870e+03    -2.566e+02
9.114e+00    4.126e+02    2.860e+02    2.392e+02    -1.584e+02    1.662e+03    -5.109e+02
9.874e+00    3.900e+02    -1.156e+00    2.774e+02    -1.755e+02    1.025e+03    -7.303e+02
1.063e+01    3.796e+02    -1.872e+02    4.889e+02    -1.001e+02    1.280e+03    -7.813e+02
1.139e+01    3.935e+02    -1.694e+02    9.292e+02    -1.851e+01    1.875e+03    -4.898e+02
1.215e+01    4.334e+02    -6.310e+01    1.281e+03    -1.130e+01    2.275e+03    3.276e+01
1.291e+01    4.681e+02    8.130e+00    1.907e+03    -1.034e+02    3.336e+03    4.838e+02
1.367e+01    4.611e+02    -2.028e+02    -2.999e+02    1.055e+02    1.403e+03    -3.125e+02
1.443e+01    4.091e+02    -3.034e+02    -6.917e+02    8.895e+01    1.361e+03    -2.128e+02
1.519e+01    4.247e+02    -2.323e+02    -4.854e+02    9.226e+01    1.566e+03    6.912e+01
90
7.595e-01    4.646e+00    2.098e+01    9.101e+02    1.485e+00    3.486e+02    5.079e+01
1.519e+00    -1.477e-01    1.619e+02    3.363e+03    -3.636e+00    1.938e+03    2.843e+02
2.279e+00    1.253e+02    -7.974e+02    4.611e+05    1.193e+03    2.329e+05    2.143e+04
3.038e+00    -1.295e+02    5.253e+02    7.264e+03    -1.851e+02    4.207e+03    -1.112e+02
3.798e+00    -2.930e+02    6.154e+02    7.142e+03    -2.356e+02    3.696e+03    4.237e+02
4.557e+00    -3.398e+02    6.900e+02    8.269e+03    -2.527e+02    4.297e+03    1.076e+03
5.317e+00    -2.774e+02    7.645e+02    1.049e+04    -2.593e+02    6.401e+03    1.406e+03
6.076e+00    -2.236e+02    1.285e+03    1.428e+04    -3.336e+02    1.013e+04    8.685e+02
6.836e+00    4.993e+02    5.582e+03    2.167e+04    -8.024e+02    1.875e+04    -2.001e+03
7.595e+00    6.830e+02    1.369e+04    1.191e+04    -1.572e+03    1.328e+04    -3.486e+03
8.355e+00    1.643e+02    1.366e+04    5.721e+03    -1.412e+03    6.161e+03    -1.971e+03
9.114e+00    -5.686e+01    1.333e+04    4.351e+03    -1.247e+03    3.847e+03    -9.406e+02
9.874e+00    -1.583e+02    1.350e+04    4.421e+03    -1.139e+03    2.924e+03    -2.317e+02
1.063e+01    -2.115e+02    1.369e+04    4.507e+03    -1.085e+03    2.503e+03    2.344e+02
1.139e+01    -2.028e+02    1.382e+04    4.126e+03    -1.028e+03    2.188e+03    5.560e+02
1.215e+01    -2.358e+02    1.437e+04    4.698e+03    -8.805e+02    2.272e+03    7.633e+02
1.291e+01    -2.202e+02    1.432e+04    4.958e+03    -9.436e+02    2.266e+03    8.595e+02
1.367e+01    -2.028e+02    1.432e+04    5.027e+03    -9.226e+02    2.308e+03    9.076e+02
1.443e+01    -1.487e+02    1.420e+04    1.591e+03    -8.895e+02    9.016e+02    2.299e+02
1.519e+01    -1.907e+02    1.427e+04    5.235e+03    -8.535e+02    2.455e+03    7.874e+02
105
7.595e-01    4.265e+00    2.028e+01    9.014e+02    1.512e+00    3.546e+02    5.650e+01
1.519e+00    2.999e+00    1.479e+02    3.450e+03    -3.907e+00    2.038e+03    3.246e+02
2.279e+00    -9.430e+00    2.566e+02    6.223e+03    -9.316e+01    3.817e+03    -4.959e+01
3.038e+00    -9.604e+01    1.349e+02    6.726e+03    -1.073e+02    3.847e+03    3.276e+02
3.798e+00    1.432e+01    -3.016e+02    1.021e+04    -6.852e+01    4.959e+03    7.273e+02
4.557e+00    4.195e+02    -1.087e+03    2.080e+04    -1.358e+01    1.001e+04    6.581e+02
5.317e+00    5.721e+02    1.501e+04    5.010e+04    -1.328e+03    3.216e+04    -2.422e+03
6.076e+00    -9.916e+02    1.820e+04    1.127e+04    -1.379e+03    8.505e+03    -3.185e+03
6.836e+00    -7.212e+02    1.352e+04    4.143e+03    -9.496e+02    3.065e+03    -1.001e+03
7.595e+00    -7.940e+02    1.470e+04    4.889e+03    -9.136e+02    1.647e+03    2.954e+02
8.355e+00    -7.940e+02    1.607e+04    4.507e+03    -9.016e+02    1.394e+03    1.265e+03
9.114e+00    -7.090e+02    1.751e+04    4.473e+03    -9.196e+02    1.737e+03    1.590e+03
9.874e+00    -6.830e+02    1.855e+04    4.837e+03    -9.106e+02    2.152e+03    1.322e+03
1.063e+01    -6.414e+02    1.838e+04    5.079e+03    -8.625e+02    2.560e+03    1.286e+03
1.139e+01    -5.773e+03    2.670e+04    -4.455e+04    -1.391e+03    -2.945e+04    -6.371e+03
1.215e+01    -7.472e+02    1.890e+04    5.201e+03    -8.084e+02    2.476e+03    1.127e+03
1.291e+01    -1.018e+03    1.924e+04    4.629e+03    -7.994e+02    1.854e+03    1.172e+03
1.367e+01    -1.633e+03    1.959e+04    -2.514e+02    -8.865e+02    -2.305e+03    1.262e+03
1.443e+01    -2.635e+03    2.254e+04    -4.889e+03    -7.994e+02    -7.212e+03    2.028e+03
1.519e+01    -1.103e+03    1.994e+04    4.611e+03    -8.234e+02    1.893e+03    4.207e+02
120
7.595e-01    3.380e+00    1.838e+01    8.685e+02    1.406e+00    3.606e+02    5.620e+01
1.519e+00    1.201e+01    1.193e+02    3.450e+03    -3.005e+00    2.113e+03    3.185e+02
2.279e+00    4.334e+01    9.361e+01    5.426e+03    -5.620e+01    3.606e+03    1.662e+02
3.038e+00    1.389e+02    -2.115e+02    7.732e+03    -3.546e+01    3.967e+03    4.027e+02
3.798e+00    5.651e+02    -1.101e+03    1.838e+04    1.569e+01    6.942e+03    7.032e+02
4.557e+00    -2.219e+03    1.489e+04    6.466e+04    -1.004e+03    3.516e+04    -2.693e+02
5.317e+00    -2.670e+03    1.482e+04    6.917e+03    -8.595e+02    5.289e+03    -1.349e+03
6.076e+00    -3.016e+02    1.132e+04    -3.883e+04    -7.062e+02    1.154e+03    3.366e+02
6.836e+00    -1.213e+03    1.480e+04    2.635e+03    -7.693e+02    1.427e+03    2.314e+03
7.595e+00    -1.000e+03    1.855e+04    2.964e+03    -8.895e+02    2.233e+03    1.782e+03
8.355e+00    -2.687e+04    2.999e+04    -4.056e+05    -2.768e+03    -1.761e+05    -5.319e+03
9.114e+00    -1.168e+03    1.636e+04    3.484e+03    -6.882e+02    1.971e+03    1.992e+03
9.874e+00    -1.300e+03    1.714e+04    3.380e+03    -7.002e+02    1.704e+03    1.830e+03
1.063e+01    -1.340e+03    1.711e+04    3.866e+03    -6.762e+02    1.791e+03    1.923e+03
1.139e+01    -4.715e+03    1.855e+04    -1.683e+04    -4.989e+02    -1.563e+04    8.505e+02
1.215e+01    -1.768e+03    1.708e+04    2.843e+03    -6.762e+02    4.087e+02    1.130e+03
1.291e+01    -2.548e+03    1.820e+04    1.838e+03    -6.281e+02    -7.964e+02    1.527e+03
1.367e+01    -2.947e+03    1.728e+04    1.181e+03    -6.010e+02    -1.346e+03    1.004e+03
1.443e+01    -3.970e+03    1.768e+04    8.061e+02    -6.882e+02    -2.146e+03    1.214e+03
1.519e+01    -6.189e+03    1.786e+04    -2.271e+03    -7.904e+02    -5.860e+03    6.131e+02
135
7.595e-01    2.306e+00    1.508e+01    8.200e+02    1.184e+00    3.636e+02    4.989e+01
1.519e+00    2.635e+01    8.408e+01    3.380e+03    -1.211e+00    2.164e+03    2.720e+02
2.279e+00    1.187e+02    -4.403e+00    4.993e+03    -3.065e+01    3.426e+03    1.662e+02
3.038e+00    4.282e+02    -4.351e+02    9.812e+03    3.666e+00    4.117e+03    3.756e+02
3.798e+00    9.604e+01    2.722e+02    4.022e+04    -1.016e+02    1.346e+04    1.406e+03
4.557e+00    -5.166e+03    1.369e+04    1.510e+04    -6.792e+02    1.109e+04    -1.352e+03
5.317e+00    -2.115e+03    1.026e+04    1.907e+02    -5.439e+02    3.787e+02    1.473e+03
6.076e+00    -1.404e+03    1.177e+04    1.350e+03    -5.800e+02    1.455e+03    2.194e+03
6.836e+00    -1.356e+03    1.160e+04    1.786e+03    -6.371e+02    1.830e+03    1.818e+03
7.595e+00    -1.406e+03    1.326e+04    2.132e+03    -5.800e+02    1.716e+03    1.803e+03
8.355e+00    -3.675e+03    1.378e+04    -8.217e+03    -6.221e+02    -7.543e+03    -3.155e+02
9.114e+00    -2.080e+03    1.330e+04    -1.144e+03    -5.229e+02    -2.521e+03    1.725e+03
9.874e+00    -2.791e+03    1.428e+04    -3.207e+03    -5.319e+02    -4.928e+03    2.281e+03
1.063e+01    -1.976e+03    1.363e+04    2.098e+03    -4.718e+02    4.688e+02    1.400e+03
1.139e+01    -2.340e+03    1.354e+04    1.343e+03    -4.898e+02    -7.002e+02    1.689e+03
1.215e+01    -2.860e+03    1.328e+04    1.118e+03    -5.409e+02    -1.169e+03    4.418e+02
1.291e+01    -3.588e+03    1.205e+04    9.500e+02    -5.259e+02    -2.137e+03    1.034e+03
1.367e+01    -2.358e+04    9.638e+03    -6.847e+04    -6.942e+02    -7.333e+04    -3.486e+03
1.443e+01    -4.334e+03    1.078e+04    1.959e+03    -5.920e+02    -2.708e+03    -4.147e+02
1.519e+01    -7.974e+03    4.074e+03    2.652e+03    -2.065e+02    -1.869e+03    3.065e+03
150
7.595e-01    1.316e+00    1.073e+01    7.732e+02    8.625e-01    3.636e+02    3.726e+01
1.519e+00    4.195e+01    5.062e+01    3.276e+03    5.560e-01    2.188e+03    1.962e+02
2.279e+00    1.907e+02    -4.108e+01    4.802e+03    -1.421e+01    3.276e+03    1.220e+02
3.038e+00    5.634e+02    -4.299e+02    1.231e+04    8.925e+00    4.027e+03    3.306e+02
3.798e+00    -4.265e+03    5.027e+03    7.229e+04    -2.747e+02    2.978e+04    1.527e+03
4.557e+00    -4.004e+03    7.524e+03    2.687e+03    -3.486e+02    2.608e+03    1.953e+02
5.317e+00    -1.714e+03    7.524e+03    1.994e+02    -3.967e+02    8.475e+02    1.563e+03
6.076e+00    -1.396e+03    8.668e+03    1.380e+03    -4.388e+02    1.854e+03    1.367e+03
6.836e+00    -1.491e+03    8.876e+03    1.350e+03    -3.967e+02    1.433e+03    1.433e+03
7.595e+00    -1.413e+03    8.876e+03    1.565e+03    -3.606e+02    1.232e+03    1.713e+03
8.355e+00    -1.517e+03    9.240e+03    2.080e+03    -3.606e+02    1.352e+03    1.749e+03
9.114e+00    -1.820e+03    9.188e+03    9.864e+02    -3.456e+02    -1.319e+02    1.653e+03
9.874e+00    -1.924e+03    8.408e+03    1.271e+03    -3.246e+02    1.473e+01    1.280e+03
1.063e+01    -2.548e+03    9.344e+03    -3.848e+01    -2.969e+02    -2.038e+03    1.482e+03
1.139e+01    -2.982e+03    8.148e+03    4.143e+02    -3.336e+02    -2.031e+03    1.121e+03
1.215e+01    -4.282e+03    8.876e+03    -1.430e+03    -4.177e+02    -4.598e+03    4.989e+02
1.291e+01    -4.785e+03    6.934e+03    4.819e+02    -5.740e+02    -4.027e+03    -2.870e+02
1.367e+01    -2.687e+04    -5.963e+03    -2.132e+04    -5.409e+02    -3.486e+04    4.808e+02
1.443e+01    -3.086e+03    -2.288e+01    7.212e+03    -5.530e+02    2.551e+03    1.908e+03
1.519e+01    -7.385e+04    4.265e+03    -1.924e+04    -1.067e+03    -4.327e+04    7.092e+03
165
7.595e-01    6.397e-01    5.582e+00    7.368e+02    4.688e-01    3.606e+02    1.983e+01
1.519e+00    5.409e+01    2.288e+01    3.172e+03    1.118e+00    2.194e+03    1.031e+02
2.279e+00    2.410e+02    -3.259e+01    4.733e+03    -5.049e+00    3.185e+03    6.401e+01
3.038e+00    5.461e+02    -2.462e+02    1.449e+04    3.035e+00    3.907e+03    2.107e+02
3.798e+00    -8.876e+03    4.837e+03    7.090e+04    -1.914e+02    3.426e+04    3.847e+02
4.557e+00    -2.999e+03    3.224e+03    -1.609e+03    -1.752e+02    5.620e+02    3.817e+02
5.317e+00    -1.571e+03    4.108e+03    3.658e+02    -2.215e+02    1.184e+03    8.565e+02
6.076e+00    -1.463e+03    4.403e+03    1.096e+03    -2.110e+02    1.680e+03    7.092e+02
6.836e+00    -1.474e+03    4.490e+03    1.009e+03    -1.914e+02    1.109e+03    8.835e+02
7.595e+00    -1.397e+03    4.559e+03    1.434e+03    -1.896e+02    1.127e+03    9.196e+02
8.355e+00    -1.562e+03    4.542e+03    1.642e+03    -1.707e+02    9.376e+02    8.234e+02
9.114e+00    -1.678e+03    4.663e+03    2.895e+02    -1.710e+02    -8.234e+02    1.031e+03
9.874e+00    -2.427e+03    4.698e+03    -3.744e+02    -1.707e+02    -2.062e+03    4.568e+02
1.063e+01    -2.340e+03    4.351e+03    9.482e+02    -1.647e+02    -1.220e+03    8.144e+02
1.139e+01    -3.086e+03    4.213e+03    -1.409e+02    -1.857e+02    -3.035e+03    5.199e+02
1.215e+01    -1.314e+04    8.252e+03    -2.184e+04    -3.967e+02    -2.939e+04    -2.702e+03
1.291e+01    -5.357e+03    4.213e+03    2.288e+03    -2.350e+02    -1.809e+03    -2.428e+03
1.367e+01    -1.730e+03    2.531e+03    4.056e+03    -2.001e+02    -3.125e+02    2.639e+02
1.443e+01    -3.987e+03    2.427e+03    6.969e+03    -6.251e+01    5.019e+02    -3.666e+03
1.519e+01    6.570e+02    1.427e+03    4.819e+03    -2.047e+02    -7.573e+02    -1.037e+03
180
7.595e-01    4.004e-01    -6.015e-03    7.246e+02    4.117e-02    3.606e+02    1.340e-02
1.519e+00    5.859e+01    -1.014e-02    3.138e+03    1.797e-01    2.194e+03    1.593e-01
2.279e+00    2.600e+02    -5.721e-02    4.733e+03    8.835e-02    3.155e+03    6.371e-02
3.038e+00    5.149e+02    5.963e-01    1.541e+04    4.237e-01    3.847e+03    1.037e+00
3.798e+00    -9.812e+03    1.463e+01    6.327e+04    3.336e+00    3.216e+04    6.431e+00
4.557e+00    -3.138e+03    2.618e+00    -3.866e+02    3.336e-01    3.366e+02    2.101e+00
5.317e+00    -1.472e+03    -1.009e+01    2.704e+02    1.325e+00    1.358e+03    -2.879e+00
6.076e+00    -1.536e+03    8.182e+00    1.151e+03    4.418e-01    1.482e+03    -6.251e+00
6.836e+00    -1.454e+03    1.317e+01    8.546e+02    4.808e-01    9.707e+02    -6.491e+00
7.595e+00    -1.402e+03    1.252e+01    1.411e+03    3.216e-01    1.061e+03    -1.509e-01
8.355e+00    -1.522e+03    2.566e+01    1.510e+03    -6.040e-01    7.453e+02    -1.554e+01
9.114e+00    -1.538e+03    5.218e+01    -4.975e+01    -1.653e+00    -1.178e+03    -4.778e+01
9.874e+00    -1.942e+03    -5.998e+01    7.090e+02    2.158e+00    -9.827e+02    -1.031e+02
1.063e+01    -2.219e+03    -8.234e+00    8.893e+02    -4.117e+00    -1.217e+03    -1.370e+02
1.139e+01    -3.398e+03    -4.161e+01    -6.258e+02    -8.985e-02    -3.516e+03    -1.121e+02
1.215e+01    -1.907e+04    -4.837e+02    -3.571e+04    -4.327e+01    -5.139e+04    3.516e+03
1.291e+01    -3.675e+03    -5.235e+02    3.432e+03    -3.997e+01    -1.635e+02    -2.425e+02
1.367e+01    -1.838e+03    3.242e+00    3.432e+03    1.548e+01    -1.043e+03    -1.713e+02
1.443e+01    -5.703e+04    -4.750e+03    -3.398e+04    1.746e+02    -5.800e+04    1.866e+04
1.519e+01    3.363e+02    8.078e+02    4.889e+03    -1.986e+00    -7.633e+02    -1.061e+03
